88 66 86 74 63 96 73 24 83 85 24 23 33 33 49 91 12 70 46 11 40 52 12 77 61 41 50 13 95 49 33 51 27 15 46 17 70 87 89 30 41 29 10 76 15 56 28 10 22 40 
23 62 84 87 52 18 34 85 95 70 39 11 86 26 54 39 70 52 14 41 42 40 63 45 76 73 46 11 86 36 69 11 20 47 86 31 85 76 24 25 94 93 37 37 66 56 65 48 94 97 
20 30 72 81 41 41 94 41 16 10 73 50 42 80 55 97 38 13 48 89 11 12 20 91 95 80 49 97 47 55 37 14 41 23 15 54 32 80 60 12 34 23 97 83 34 19 33 47 54 79 
22 96 22 82 61 42 23 78 36 29 29 90 70 27 53 14 28 74 96 73 97 36 51 46 33 15 47 49 18 32 84 88 88 58 49 12 45 98 95 11 68 90 65 14 19 75 57 62 40 24 
57 14 76 25 23 73 28 70 45 35 51 58 27 13 51 19 80 32 97 19 19 37 77 12 20 33 87 84 47 31 30 32 31 18 20 60 24 86 59 59 57 37 68 69 93 95 53 45 63 42 
67 51 46 20 41 41 62 20 80 68 52 94 31 51 28 89 33 17 16 79 29 73 59 55 68 48 21 70 15 53 29 50 19 27 98 93 35 22 88 38 67 79 79 54 65 73 27 94 31 32 
97 92 83 15 52 76 81 56 30 93 48 41 53 49 23 28 25 32 13 79 96 29 51 76 61 20 52 80 16 25 95 35 34 48 10 32 83 38 38 62 40 91 35 21 69 39 62 30 11 11 
80 95 92 15 32 34 27 34 73 44 18 21 30 82 90 26 19 75 20 72 62 52 48 65 81 89 23 16 43 98 69 93 76 89 12 50 20 79 95 72 35 97 56 54 23 23 17 87 18 20 
22 38 77 20 64 40 95 81 88 90 74 68 38 49 63 34 66 41 37 12 53 16 38 65 82 48 30 46 92 69 38 72 18 34 55 47 13 26 57 96 61 19 56 99 65 24 78 90 44 75 
83 44 59 51 21 74 23 88 66 30 60 44 40 10 32 90 23 59 70 46 60 96 14 32 46 70 88 29 80 70 37 57 60 34 74 97 51 32 34 38 40 58 46 93 14 93 55 67 64 27 
44 48 14 98 29 11 39 30 20 36 58 63 77 16 26 69 59 15 76 52 34 28 60 76 42 79 68 90 18 12 42 14 36 23 46 19 53 62 19 80 80 22 54 30 74 17 25 29 15 38 
53 52 53 79 78 83 36 87 53 52 31 96 66 74 93 11 74 96 37 10 90 34 40 73 56 25 76 71 54 47 35 94 11 12 51 31 66 84 56 37 78 98 36 17 92 82 81 94 19 42 
46 80 55 49 65 95 38 11 72 63 80 17 49 66 81 60 36 73 29 99 95 83 77 43 10 52 43 87 47 84 42 68 48 54 33 32 33 61 51 65 72 17 26 60 64 58 53 99 75 70 
17 51 80 29 21 69 26 82 15 55 68 55 78 60 89 11 88 80 88 25 26 57 86 33 54 21 89 89 31 74 86 29 12 84 95 57 49 13 21 74 52 12 98 54 47 38 67 51 65 58 
42 88 69 97 21 21 81 28 90 42 41 91 87 31 19 74 46 84 56 93 43 67 40 24 42 82 79 17 51 66 75 93 44 76 78 37 11 27 22 50 28 27 98 75 28 95 28 25 54 25 
99 62 59 35 68 30 82 68 56 67 97 20 99 54 57 96 83 43 38 67 49 40 79 76 79 88 39 49 27 25 26 24 65 10 90 27 90 64 77 94 22 29 98 10 43 76 86 30 91 83 
46 81 43 29 98 74 77 64 86 13 10 78 73 80 12 42 81 94 67 29 75 54 24 60 19 54 41 64 76 95 81 89 36 60 79 95 17 76 14 21 98 55 12 12 58 13 21 98 24 57 
97 53 33 53 90 76 57 83 48 89 27 19 22 47 92 20 34 49 24 53 73 54 24 36 11 28 72 23 74 66 96 53 26 75 18 35 64 17 65 72 20 24 18 17 24 97 36 71 37 81 
48 91 17 55 54 42 93 84 27 65 37 15 94 22 60 62 89 95 33 76 92 96 58 22 44 97 41 79 69 65 71 73 99 72 38 73 44 99 26 98 24 94 33 57 94 90 52 12 89 47 
92 33 65 94 14 90 25 36 36 79 31 30 35 76 55 74 36 83 27 18 97 20 96 10 73 97 94 75 59 15 91 83 65 94 38 21 37 17 60 18 59 64 14 49 43 39 73 21 38 98 
80 58 40 65 80 11 93 97 75 20 40 54 63 67 27 52 37 18 57 36 97 90 53 44 11 62 56 17 59 14 25 35 63 49 61 60 15 57 61 46 63 14 54 46 10 31 95 61 87 68 
16 94 71 45 26 63 45 27 67 56 80 69 70 61 80 75 97 14 58 43 36 49 69 22 82 88 61 71 82 68 69 58 16 81 21 38 80 98 95 87 19 84 37 32 80 20 83 34 65 51 
62 45 65 22 13 23 68 31 19 33 39 86 39 39 59 89 31 75 50 39 40 25 45 17 51 69 67 21 84 79 33 50 12 62 70 97 47 29 49 34 20 92 67 53 30 96 79 34 49 85 
43 53 33 44 23 38 74 91 81 33 97 19 50 12 79 12 78 61 13 21 35 93 67 40 99 91 80 97 44 34 61 48 93 95 24 10 71 86 21 32 84 85 58 22 58 77 72 93 73 31 
70 41 82 14 71 12 83 19 55 44 69 70 78 40 50 23 57 94 66 88 63 79 61 17 48 45 61 49 59 72 40 66 74 29 75 18 66 15 10 69 22 80 23 36 88 60 87 95 69 72 
38 68 78 48 33 73 50 70 19 10 91 68 57 28 11 99 77 53 94 97 27 46 52 12 65 37 37 81 67 47 86 63 76 28 92 12 57 60 44 81 86 87 76 28 50 53 38 80 71 73 
31 23 77 77 56 54 67 35 11 90 41 47 34 21 69 40 60 95 36 33 72 25 47 91 27 42 81 45 48 32 58 67 63 26 21 52 41 27 12 11 22 78 37 60 35 66 42 69 80 27 
86 78 88 64 39 85 17 74 73 50 76 53 64 55 13 31 82 46 84 81 91 86 37 32 30 46 65 41 98 13 14 12 13 68 80 67 48 23 28 71 12 60 92 73 44 86 16 79 39 13 
55 73 67 85 26 11 25 57 53 85 72 16 11 68 64 30 86 32 58 57 96 90 71 85 52 30 94 79 87 79 79 98 31 87 63 14 41 87 51 17 69 13 74 92 66 10 35 33 62 57 
36 29 66 64 81 65 40 92 59 71 79 48 61 48 51 25 87 73 23 21 47 39 74 14 18 92 82 58 95 13 87 55 42 38 11 39 12 10 82 62 56 43 63 97 93 20 76 60 26 93 
58 84 66 94 13 61 41 64 96 25 32 81 84 16 56 24 53 68 74 32 30 33 12 76 65 25 31 40 34 49 35 72 99 62 90 20 42 42 95 99 44 44 16 29 66 64 64 56 50 93 
73 83 86 67 77 31 20 29 37 74 49 22 92 36 79 64 51 54 84 81 42 38 75 36 44 70 74 33 93 99 52 77 91 53 35 78 45 61 32 72 69 82 21 27 82 51 94 11 50 11 
97 34 64 78 59 55 49 73 31 85 94 19 44 42 53 18 63 62 41 11 86 49 12 32 96 14 10 68 54 78 89 15 54 27 16 72 28 65 36 45 97 53 94 91 87 85 91 78 18 23 
14 13 88 85 50 12 67 26 93 69 21 23 99 90 71 66 39 15 25 46 98 25 89 34 54 88 94 40 19 49 74 75 70 22 24 42 98 14 84 24 46 86 53 26 18 31 28 56 69 91 
81 69 31 78 56 96 44 98 28 90 42 83 69 75 49 41 34 52 37 99 40 45 59 22 25 69 99 16 90 92 71 32 62 24 56 20 39 23 90 95 15 23 80 70 19 18 92 46 67 91 
46 83 99 53 19 75 33 36 89 94 23 61 65 54 71 82 63 98 95 73 82 66 49 58 23 96 78 54 38 69 45 98 58 70 80 25 68 78 28 48 28 49 20 52 32 27 83 61 59 18 
45 23 66 98 27 90 52 29 89 72 46 25 23 42 18 43 29 12 37 77 58 90 30 11 71 85 84 39 55 69 47 53 63 28 43 12 75 53 72 51 47 44 68 25 76 89 38 39 81 62 
78 67 99 49 28 35 42 11 63 95 65 13 79 52 52 83 97 17 27 64 89 55 69 69 19 81 46 64 70 83 30 78 21 10 71 33 31 33 14 61 14 26 61 33 81 71 15 54 50 43 
16 17 94 90 40 53 85 86 46 17 66 36 24 47 15 86 76 18 94 57 64 78 40 39 21 77 89 90 64 23 58 30 34 57 53 90 25 35 21 96 94 97 84 78 26 45 24 25 56 56 
94 56 33 28 20 24 95 22 43 95 75 50 98 75 44 29 95 67 42 88 16 97 26 85 74 91 93 39 32 75 67 89 82 44 10 79 40 34 71 55 45 60 37 48 79 13 84 22 63 16 
25 24 23 51 52 78 63 88 14 92 77 95 19 36 53 24 56 37 48 13 97 15 58 25 83 94 27 46 78 17 43 45 60 86 64 29 33 55 76 61 44 85 51 36 46 96 20 42 53 83 
37 57 38 16 19 88 84 76 88 10 52 17 53 47 44 17 78 76 21 74 84 84 35 49 82 11 39 98 88 57 11 53 36 43 48 94 54 41 78 80 37 51 19 79 48 56 27 34 50 34 
24 73 89 82 57 55 29 47 66 83 92 65 82 37 22 76 59 75 29 60 19 25 55 17 23 77 86 38 47 11 80 89 38 70 91 62 17 54 99 87 20 90 93 31 67 81 42 72 67 33 
67 83 63 57 51 60 87 43 28 32 63 46 69 42 27 70 97 66 64 27 97 50 53 87 86 23 38 77 12 25 65 64 63 63 26 31 63 64 51 31 51 57 91 41 76 11 49 57 32 32 
45 51 16 20 92 17 93 37 85 23 60 22 38 57 21 12 77 12 62 82 68 67 25 72 80 55 40 86 64 62 37 22 55 77 16 95 75 45 83 92 28 18 59 92 81 56 64 33 60 86 
35 11 40 98 47 50 41 17 74 15 84 93 48 93 15 77 97 98 41 75 37 58 69 77 56 89 84 39 36 34 30 63 16 29 67 84 94 52 29 98 25 72 97 65 53 73 50 89 70 79 
29 83 44 80 95 16 41 54 22 97 71 45 53 67 31 39 36 58 99 63 56 27 44 74 14 46 79 36 87 64 34 47 93 41 80 48 98 53 59 74 64 58 30 85 40 95 92 89 42 31 
35 84 65 18 27 48 82 57 36 93 44 28 68 85 30 91 29 71 33 51 13 98 16 46 87 74 63 65 54 32 40 53 85 82 79 86 92 87 11 90 91 33 54 56 45 43 34 84 95 14 
89 42 18 68 19 48 15 12 16 18 42 81 24 81 78 98 99 10 38 68 71 87 92 52 65 87 13 15 21 98 99 82 37 88 99 59 83 65 19 48 45 65 43 51 21 53 64 38 46 32 
85 33 98 74 18 89 46 66 74 51 83 33 14 61 26 17 54 22 24 98 38 53 36 38 94 36 62 20 15 14 35 58 40 70 77 74 56 21 47 12 22 49 99 35 64 72 51 75 10 88 