74 14 16 23 30 70 78 43 83 19 41 21 34 95 60 42 70 19 37 61 54 76 21 81 54 15 59 33 73 67 
92 85 26 91 77 10 61 20 10 60 88 41 59 90 15 86 70 82 61 58 36 99 87 97 71 73 92 11 12 22 
99 25 62 78 54 20 99 13 98 23 79 30 60 17 44 48 89 50 83 90 47 40 72 32 44 24 10 27 49 61 
49 54 68 45 61 42 34 70 53 52 23 69 89 87 69 34 82 56 80 23 21 49 15 80 22 92 99 23 59 23 
39 88 38 81 59 18 41 29 55 19 22 78 18 39 98 81 62 58 88 31 94 41 88 45 82 52 42 85 53 67 
27 18 83 30 64 30 44 49 24 79 39 82 64 85 23 48 13 34 94 45 23 46 65 15 74 33 75 30 14 94 
94 51 92 10 69 71 62 77 37 85 21 76 30 44 84 90 21 20 45 12 89 58 55 78 18 75 96 84 44 89 
38 41 34 36 95 71 67 67 36 75 72 59 14 76 58 24 75 91 75 59 74 77 63 80 68 26 25 77 24 44 
53 92 12 40 16 70 65 15 84 79 95 99 77 46 50 64 93 20 62 88 42 98 95 63 91 35 15 19 75 11 
15 44 32 69 51 78 49 77 45 37 62 90 79 34 51 11 36 39 26 57 10 66 36 38 56 22 29 30 85 22 
25 53 65 86 14 64 97 40 81 60 41 45 31 93 42 74 22 15 53 29 57 73 38 73 68 52 41 92 78 53 
88 12 85 32 27 87 59 60 71 60 74 81 81 41 90 34 55 98 20 10 97 41 34 42 93 85 85 97 69 18 
45 26 26 68 12 29 30 84 26 67 43 19 71 71 85 52 49 64 24 37 97 54 56 60 35 32 69 81 60 96 
82 84 17 96 64 74 62 93 20 75 73 90 31 63 37 19 66 80 41 36 15 75 82 72 35 29 17 48 65 18 
51 52 68 46 70 38 25 66 32 40 12 18 31 84 10 54 91 87 27 27 60 13 29 33 70 58 33 63 79 89 
38 32 55 40 97 38 58 55 38 26 84 38 83 85 54 36 51 90 73 39 24 37 41 24 34 55 68 70 74 69 
15 52 36 59 42 25 42 89 41 35 57 12 74 45 57 27 75 66 23 73 96 33 90 85 82 45 31 93 92 50 
95 38 55 46 84 45 88 36 28 46 73 79 12 57 77 17 38 75 52 27 50 78 61 34 35 19 74 11 34 39 
37 92 32 80 90 49 94 15 63 22 26 60 26 18 44 51 16 43 71 89 65 94 41 36 93 62 69 42 35 82 
76 98 57 97 29 22 47 34 14 29 59 32 39 37 80 61 18 59 88 34 11 25 57 79 59 70 92 62 26 95 
50 26 47 43 54 86 21 60 68 87 12 58 95 12 38 79 76 65 23 84 14 43 16 12 37 26 72 40 99 96 
69 29 79 90 31 58 37 61 77 24 70 16 85 78 53 33 56 79 14 16 63 45 54 26 76 60 61 80 57 17 
91 52 70 79 68 58 65 51 71 49 93 95 34 94 16 68 87 69 29 49 81 12 50 55 61 82 53 91 51 22 
62 86 17 19 25 76 82 13 55 41 84 62 73 37 60 57 36 51 24 45 63 21 61 10 72 44 39 29 72 80 
60 36 78 43 48 71 34 75 54 99 13 81 59 83 27 52 91 13 77 61 67 97 69 95 70 27 10 65 72 16 
81 11 97 86 29 89 28 53 44 88 44 53 36 68 87 83 58 28 88 13 54 47 36 86 22 90 36 71 39 65 
28 83 53 78 55 42 55 38 72 35 53 52 39 89 14 38 90 97 99 73 32 46 20 36 66 20 21 41 25 75 
73 34 43 62 35 25 71 59 74 45 63 20 26 84 90 66 82 33 64 22 71 58 22 69 72 79 72 16 46 51 
30 64 62 61 20 29 24 78 93 63 84 50 20 85 57 76 65 98 95 11 94 35 44 62 87 45 51 28 64 23 
10 52 80 44 21 68 55 30 59 11 64 55 67 72 67 36 68 30 52 16 31 47 94 62 63 47 25 51 10 75