90 95 92 18 79 35 16 43 81 40 64 48 30 13 61 47 18 53 12 16 29 86 79 37 66 22 59 67 83 42 
10 58 24 15 40 38 95 69 84 74 83 13 81 76 62 27 24 96 67 10 27 72 10 55 45 90 56 71 19 67 
18 78 99 44 86 84 23 12 93 58 59 94 46 98 26 45 69 47 48 64 68 89 66 95 14 53 40 92 71 34 
42 84 68 89 67 40 63 12 95 44 40 18 21 87 14 46 61 83 61 92 62 80 21 36 74 54 42 67 57 12 
53 12 86 13 84 63 18 35 11 98 94 95 42 39 68 46 71 79 28 86 45 36 71 10 63 74 20 45 17 49 
16 34 49 96 12 58 84 76 51 28 10 64 92 18 30 62 76 80 52 77 77 78 59 15 44 23 27 32 10 42 
95 22 41 86 77 78 87 54 53 32 19 84 51 12 60 69 79 33 98 68 16 97 26 13 22 79 10 13 70 84 
63 18 41 69 69 99 55 76 36 49 52 36 59 52 18 36 32 58 35 37 79 25 97 70 62 15 22 56 75 66 
54 42 18 71 21 41 56 14 23 86 92 34 60 51 11 46 34 16 29 74 30 89 34 71 91 92 95 82 39 92 
60 85 58 36 44 23 91 85 15 21 17 71 81 46 58 26 10 78 72 33 15 30 21 75 25 19 18 45 47 46 
48 72 90 41 77 24 67 34 11 23 46 44 95 49 51 34 75 70 68 98 66 90 12 84 53 24 34 73 41 38 
80 20 55 91 96 77 84 74 42 94 60 33 35 15 21 30 15 80 57 77 17 11 50 80 31 68 78 40 81 39 
10 97 17 53 89 49 66 67 43 56 90 79 16 98 31 66 49 66 93 92 14 91 84 12 73 53 93 40 47 90 
96 88 75 34 81 71 60 63 56 71 15 15 76 26 53 20 76 87 79 26 53 47 36 16 68 66 17 79 91 73 
79 74 42 33 95 36 47 48 81 59 37 30 34 69 36 10 98 63 13 97 61 49 90 91 35 92 74 76 64 37 
65 75 73 12 26 20 72 37 63 46 42 86 75 11 90 47 29 24 93 71 43 44 46 73 17 35 35 23 31 25 
33 26 40 85 58 24 31 59 55 82 36 29 57 26 36 39 74 11 20 65 68 53 43 79 53 31 66 48 95 34 
46 48 50 24 13 26 12 29 66 29 72 91 25 67 81 15 60 38 84 30 72 96 97 70 97 21 81 64 96 55 
41 17 13 81 12 35 65 77 90 92 43 36 51 62 85 74 61 21 20 34 97 41 34 89 82 24 43 68 44 48 
28 66 76 85 62 85 24 33 67 57 43 44 63 78 17 10 46 55 47 88 57 95 18 13 16 94 24 55 43 86 
13 80 11 65 69 76 96 80 32 30 32 23 27 21 71 83 86 22 86 44 79 42 48 24 96 95 15 56 14 73 
30 81 39 63 26 94 37 17 66 36 18 24 25 57 38 72 50 90 28 82 32 81 13 71 94 60 37 30 57 97 
75 69 24 31 28 50 19 41 32 60 99 38 26 79 60 63 14 72 98 87 81 75 92 52 20 91 93 85 65 77 
94 11 15 12 24 62 10 99 97 30 56 70 66 52 97 76 96 31 49 18 40 31 78 81 46 16 54 93 97 10 
90 55 51 44 87 21 70 38 28 96 41 50 78 17 12 34 24 28 57 85 96 64 67 52 15 26 40 60 75 92 
89 22 87 54 44 23 58 86 63 26 20 46 34 44 56 25 24 22 62 56 55 56 52 77 22 42 77 14 32 85 
16 14 90 10 15 24 18 31 95 49 25 68 94 67 98 18 71 89 80 13 79 90 97 44 48 94 11 46 43 53 
47 61 97 88 18 78 70 58 32 34 91 99 36 14 63 65 78 30 60 88 91 39 92 11 23 50 17 88 13 30 
54 47 50 64 71 94 64 40 58 97 96 65 66 11 13 19 73 24 25 39 87 48 97 27 50 15 60 62 15 79 
39 16 98 44 47 79 66 87 76 25 62 57 44 64 36 75 73 63 78 60 64 84 12 59 92 87 23 68 81 33