39 31 98 80 79 42 95 49 42 84 27 92 32 50 94 87 16 82 62 87 36 15 88 38 91 52 14 44 30 14 70 98 86 39 44 83 65 57 31 71 18 93 94 62 63 25 36 91 16 19 
74 87 21 38 11 10 76 25 12 72 20 23 18 12 98 78 77 40 42 83 74 78 81 13 64 32 33 76 95 86 31 61 26 34 28 42 62 71 62 57 75 15 11 74 20 30 52 34 85 55 
65 34 94 62 44 25 49 13 69 93 72 51 98 72 16 88 16 39 79 20 18 75 21 58 32 33 94 55 56 72 38 88 49 80 91 63 43 57 79 39 59 72 49 25 38 17 46 20 56 88 
89 73 76 13 43 58 10 48 83 87 87 66 72 30 86 42 44 44 50 15 73 57 40 43 64 76 10 88 43 57 46 99 20 42 79 92 12 84 80 24 54 93 95 50 84 36 88 80 44 76 
65 69 52 80 89 12 36 41 32 92 51 13 80 71 24 25 74 40 86 91 94 12 71 81 69 37 40 70 11 79 43 38 65 28 98 28 84 89 82 72 43 69 76 83 81 41 63 33 55 62 
75 32 24 71 75 90 82 18 64 33 11 88 40 10 51 26 88 79 82 98 95 95 31 62 71 15 76 77 35 92 12 90 44 95 80 25 69 96 41 54 80 22 42 22 74 78 27 29 74 70 
39 41 64 78 13 96 30 24 32 17 44 87 10 68 74 88 47 35 84 59 64 83 61 62 37 92 71 18 66 43 16 31 99 41 86 69 15 12 13 84 37 84 79 72 27 80 26 94 45 47 
91 94 61 10 87 59 57 66 98 86 63 38 74 97 40 20 53 55 41 66 85 47 82 84 17 49 17 57 82 29 78 19 82 34 66 62 87 69 74 57 11 10 20 33 67 25 71 31 35 69 
91 36 91 77 24 28 21 86 42 98 32 97 55 42 55 51 34 71 23 82 39 87 93 89 26 56 56 85 36 41 57 82 41 49 54 75 90 94 98 81 93 72 99 39 29 49 67 64 30 50 
97 48 38 50 79 84 89 12 64 58 48 25 23 59 23 53 29 84 15 39 11 26 61 87 43 38 61 35 20 54 15 39 43 75 51 53 51 61 77 72 43 46 93 61 64 48 46 67 42 25 
97 28 57 40 24 98 76 53 13 77 97 39 76 90 77 73 70 80 46 41 30 99 11 17 83 94 30 17 75 48 22 46 30 76 96 80 51 23 15 86 62 73 81 51 43 11 72 78 50 57 
18 85 82 50 70 99 81 72 69 37 28 97 38 55 99 26 53 73 76 39 49 85 49 90 59 34 68 94 34 62 94 90 58 37 82 60 62 81 78 75 70 83 35 64 46 21 78 64 95 72 
95 38 24 53 97 73 99 92 52 50 46 96 30 94 79 47 83 59 55 33 28 30 39 94 32 37 11 15 94 35 37 99 86 35 38 62 70 54 18 49 19 74 34 97 11 91 35 56 89 30 
75 72 17 67 73 73 29 95 77 54 64 35 61 27 61 92 53 31 30 64 76 37 45 43 21 58 58 56 83 95 42 77 68 76 99 54 68 60 45 70 78 52 75 84 88 34 23 96 58 46 
80 98 86 68 93 62 95 56 42 49 52 13 19 62 18 77 30 92 18 85 94 11 67 76 40 39 67 11 81 65 87 21 68 38 32 58 43 92 33 26 92 66 22 50 99 10 33 97 65 12 
52 31 53 16 95 88 51 86 65 15 62 93 21 36 10 69 56 52 64 48 74 20 39 58 42 94 59 35 43 50 42 63 80 76 78 35 41 47 78 73 37 60 12 80 32 86 70 85 75 64 
34 99 55 41 13 27 24 87 97 75 53 97 56 92 48 27 53 48 33 32 55 95 79 64 25 45 19 89 33 96 45 44 83 92 50 37 88 51 66 34 47 16 45 41 99 79 60 92 56 73 
27 92 96 76 13 76 91 80 61 93 81 38 69 98 22 26 56 42 64 55 19 44 32 97 33 60 75 44 22 15 83 21 51 86 28 27 58 91 86 64 23 26 12 95 12 95 32 18 36 62 
78 49 27 28 52 41 47 51 12 81 76 37 97 85 28 19 74 33 68 33 73 42 48 27 37 52 82 18 66 61 87 20 63 75 52 88 92 61 37 49 96 13 29 87 22 87 16 48 12 99 
10 43 94 45 32 32 80 81 34 81 95 34 84 61 65 77 40 59 18 52 65 63 16 63 83 55 90 94 62 47 61 86 54 85 16 69 38 22 76 19 53 20 86 85 60 98 37 68 96 26 
76 14 71 30 95 56 56 40 43 78 47 94 68 75 62 78 45 34 82 33 24 79 70 26 57 52 72 59 87 69 68 15 39 44 91 16 41 56 76 45 48 56 43 56 19 60 91 73 49 14 
65 79 60 18 98 50 76 57 41 32 56 20 27 37 51 72 57 29 14 78 28 45 24 23 40 94 15 45 37 66 62 72 11 60 26 27 24 86 82 62 97 12 57 43 95 23 68 11 47 95 
63 11 12 82 38 47 81 26 77 14 31 48 78 96 12 51 25 46 83 22 81 17 42 65 43 73 88 80 49 13 46 26 78 22 40 10 56 67 96 71 94 16 81 58 45 59 66 97 23 52 
79 75 14 81 21 29 36 66 18 55 66 57 83 84 77 34 30 38 54 40 72 38 49 43 90 59 84 55 55 56 37 20 32 39 30 66 63 20 21 51 32 43 15 69 67 40 29 21 13 79 
29 94 99 54 87 10 18 97 58 79 51 74 65 70 12 75 15 89 66 29 19 40 65 97 31 57 79 80 84 70 23 37 28 64 57 84 55 65 24 15 67 49 18 25 33 62 72 37 74 25 
71 51 99 85 42 20 38 86 40 29 12 37 70 15 18 19 34 72 81 48 86 45 60 23 92 43 86 49 98 40 96 78 67 19 53 12 63 75 10 45 28 76 80 78 87 77 61 14 44 32 
48 53 22 32 78 54 21 74 37 19 40 28 86 52 92 48 51 76 26 86 69 34 43 84 64 28 94 59 95 50 27 96 81 27 41 95 98 60 25 94 43 45 53 39 84 61 88 22 60 72 
10 42 20 55 60 38 40 88 39 41 89 11 81 61 36 38 82 90 60 67 57 34 12 63 27 31 46 60 69 27 19 35 50 91 77 70 70 92 43 80 80 55 91 90 28 94 31 96 68 58 
19 10 64 11 85 91 82 89 53 28 15 58 31 67 13 37 63 59 27 10 29 85 37 87 77 23 19 42 38 27 52 94 40 69 23 57 77 53 63 89 39 91 57 63 13 16 94 36 13 58 
32 57 94 19 44 13 76 83 28 84 83 98 33 73 79 77 52 21 24 41 22 85 32 84 21 97 16 53 66 20 81 92 59 22 47 70 22 82 18 47 61 31 59 75 49 41 31 33 13 22 
11 35 61 77 53 32 83 21 84 94 20 62 80 38 31 62 30 32 46 12 17 59 62 60 31 85 27 65 85 82 25 57 63 31 61 23 42 49 26 58 66 66 23 60 48 65 23 57 53 51 
74 30 35 21 10 92 19 30 47 18 34 91 90 51 32 61 37 29 35 18 50 99 35 28 65 35 87 63 10 55 26 86 98 33 50 59 73 62 69 91 53 36 40 23 85 40 71 50 56 38 
50 87 49 93 55 12 94 99 63 47 33 87 97 99 94 50 73 37 89 29 85 30 90 42 21 17 40 11 91 74 64 33 43 35 98 95 73 18 10 43 86 15 14 52 83 50 76 72 31 17 
27 73 43 45 18 66 97 96 18 62 40 23 12 26 50 33 57 13 50 47 40 97 22 86 20 27 62 91 30 68 81 35 27 72 24 45 95 64 10 99 22 73 46 77 89 82 45 73 68 96 
93 72 79 69 13 80 64 22 81 56 44 80 70 42 86 78 93 77 25 88 47 97 45 66 98 30 24 27 66 28 62 98 68 62 37 76 83 36 77 49 64 67 99 95 46 53 74 46 79 73 
74 16 83 10 11 84 31 51 38 63 92 22 28 56 79 82 96 20 56 46 98 70 95 91 71 71 72 35 45 80 48 32 55 94 43 46 43 75 25 68 81 41 51 11 80 35 62 54 74 52 
89 52 37 36 77 19 71 83 74 91 85 49 81 12 64 57 38 35 42 49 43 11 10 96 81 98 82 87 75 29 12 33 13 69 22 69 13 65 95 19 68 83 28 84 34 88 24 96 36 87 
27 26 61 91 94 40 92 15 99 25 30 99 76 12 70 32 67 76 39 69 45 41 81 32 98 94 50 54 49 95 20 15 10 43 62 28 22 16 49 52 81 65 94 40 77 37 29 50 24 96 
35 98 74 93 34 84 60 57 83 52 98 48 98 60 58 40 82 86 26 10 74 85 38 50 30 89 72 75 17 96 82 37 55 53 92 29 87 21 45 83 90 38 49 45 54 22 40 45 63 56 
21 96 69 52 77 25 58 26 83 32 97 86 47 27 80 87 77 65 81 74 36 50 57 83 82 80 81 14 96 99 68 86 99 23 90 34 54 44 59 97 90 39 60 81 95 33 92 26 49 65 
70 25 99 26 35 69 23 33 12 13 63 11 86 49 28 68 67 33 14 98 11 96 84 14 76 20 66 48 98 60 60 52 78 61 63 42 25 11 98 66 15 54 86 29 66 99 73 42 61 73 
11 80 35 73 23 57 51 23 88 41 98 45 64 12 76 65 77 30 66 88 47 95 41 76 15 72 14 33 19 92 85 92 46 71 87 19 73 23 81 12 70 41 78 93 73 92 72 81 90 38 
52 97 47 66 98 89 33 55 33 28 92 35 27 83 40 34 12 73 53 12 31 19 58 54 37 78 83 25 68 40 83 13 97 59 75 33 48 60 92 90 33 68 23 89 52 86 78 89 30 32 
45 95 55 46 35 70 91 37 29 18 96 74 98 37 38 32 90 58 53 60 38 91 69 45 80 90 33 84 51 56 25 19 40 42 11 93 85 48 54 89 94 49 50 19 45 49 68 72 47 81 
14 72 68 13 76 88 93 23 54 67 20 47 44 26 95 81 23 13 52 71 12 64 81 49 28 90 96 31 83 24 85 54 82 23 41 14 11 92 90 76 43 80 59 77 49 26 19 20 94 30 
80 52 91 58 56 61 75 38 87 22 71 13 77 61 48 58 64 70 43 83 47 22 56 92 20 36 43 37 79 20 61 89 26 85 56 46 62 45 65 40 36 35 33 53 82 38 83 92 45 22 
41 31 79 79 41 10 85 14 24 41 65 80 91 48 94 12 25 52 53 30 68 32 89 93 81 69 45 48 98 86 98 91 87 13 79 37 15 71 56 45 96 87 61 76 53 75 99 23 60 62 
88 44 97 76 35 51 63 36 29 57 27 43 53 26 15 48 33 95 20 71 20 91 48 53 36 47 84 33 49 81 82 35 75 62 65 12 51 53 26 43 29 44 67 51 80 22 36 69 12 85 
67 68 55 65 52 51 32 33 79 59 63 36 64 95 95 12 84 83 98 12 56 26 89 92 90 36 52 49 35 32 91 77 16 81 55 64 94 76 30 89 82 72 83 21 43 49 49 99 26 19 
72 58 68 99 65 89 49 27 86 64 22 54 48 92 71 46 64 22 43 83 89 26 39 57 20 90 48 59 83 87 71 58 74 92 45 61 52 71 69 91 15 70 23 47 36 34 60 76 37 53 