85 67 57 81 98 32 95 59 76 16 86 32 75 74 41 96 15 22 81 43 38 53 35 73 39 37 59 37 49 54 68 11 67 27 86 24 80 10 77 70 85 78 92 38 44 79 28 89 61 67 
64 49 47 75 30 97 27 40 15 73 41 41 45 88 45 44 35 28 38 53 55 99 76 36 18 23 31 48 99 19 33 84 90 24 73 13 77 49 94 79 84 76 81 79 19 52 58 11 23 28 
91 53 72 77 97 85 90 43 98 14 50 32 53 27 12 44 14 23 64 16 16 36 82 19 19 67 77 70 98 12 49 51 88 69 11 72 77 77 62 94 76 31 15 10 69 29 60 85 62 14 
41 50 49 11 25 57 73 64 74 33 91 87 28 36 61 52 37 45 28 50 56 49 94 80 93 51 37 41 87 85 68 58 23 74 32 15 85 16 92 50 59 69 38 90 53 90 82 92 90 41 
49 26 78 94 73 99 75 41 79 71 19 72 47 79 23 25 26 72 60 11 99 22 72 92 90 99 43 60 56 61 91 86 29 95 60 40 21 64 55 56 68 51 58 73 28 16 60 47 38 52 
13 78 96 76 61 84 43 70 93 36 66 94 82 74 57 76 43 38 41 96 94 25 75 53 99 37 85 23 65 76 29 99 87 28 94 29 40 95 50 40 20 87 16 91 97 86 13 76 31 17 
86 86 28 44 96 68 58 51 48 64 46 74 55 19 98 48 20 50 86 25 59 60 56 85 46 38 51 74 46 12 86 17 24 89 40 37 58 48 16 78 62 26 19 44 38 57 74 39 30 68 
43 27 19 51 36 38 14 18 69 16 56 79 12 80 86 22 47 18 52 14 81 10 90 37 86 58 54 88 20 88 68 44 84 84 92 10 82 65 51 49 23 12 95 97 32 47 39 21 66 83 
78 53 51 34 63 52 32 25 10 16 52 17 25 80 90 81 97 84 59 89 79 63 84 65 24 52 87 95 72 10 12 44 83 67 61 58 71 29 42 65 58 82 78 28 42 36 62 29 82 18 
77 22 19 29 37 79 45 39 68 54 41 42 14 39 28 97 26 10 50 29 68 39 95 51 17 84 54 60 44 52 83 54 21 72 66 39 83 74 70 34 73 47 33 48 48 18 48 56 99 15 
88 70 55 48 93 26 32 35 46 33 92 57 56 22 53 55 68 49 24 11 33 25 23 56 96 97 74 61 49 46 20 21 62 64 19 89 59 69 21 27 65 24 32 13 82 96 10 21 93 33 
79 28 14 20 91 73 18 40 93 44 63 60 74 10 81 52 10 43 71 12 28 27 61 91 85 76 27 27 25 67 32 60 49 99 90 20 95 63 64 97 72 15 94 30 34 14 28 37 15 78 
42 10 18 56 33 36 43 55 74 48 56 18 24 70 48 17 11 80 93 55 48 55 44 80 63 92 36 98 33 69 94 54 11 70 88 47 47 55 30 22 52 46 30 14 47 68 28 79 72 98 
17 64 55 13 52 28 62 24 40 93 66 64 81 11 97 96 70 68 16 11 28 82 96 57 63 63 57 39 10 23 79 31 20 90 96 86 18 66 95 63 86 43 33 50 86 57 96 66 22 39 
29 70 72 96 69 49 88 45 19 63 95 57 69 57 56 94 56 54 39 77 53 79 57 60 66 56 38 34 62 29 31 70 59 27 15 36 37 99 32 34 48 25 46 14 21 88 82 99 35 87 
90 64 99 66 79 98 89 89 51 94 51 64 39 48 31 30 11 54 24 40 23 35 52 14 85 69 49 11 76 34 80 67 84 31 53 85 77 99 12 73 12 52 18 68 85 36 64 79 28 64 
94 71 20 65 58 96 97 91 70 76 89 12 76 47 51 71 15 74 14 65 84 11 18 30 27 11 59 17 23 15 68 39 39 79 97 88 39 61 89 70 15 53 51 13 82 46 42 70 62 73 
63 40 55 94 97 15 89 46 27 12 42 51 58 57 71 48 17 68 68 11 82 20 24 59 53 79 34 16 97 80 52 93 31 50 15 26 99 32 94 51 68 63 80 28 43 25 30 31 90 85 
26 52 26 50 78 32 32 95 72 68 42 38 97 83 95 76 51 22 54 28 49 42 75 21 44 62 91 44 62 36 23 87 91 38 85 92 10 24 18 83 78 94 32 43 26 46 26 61 81 42 
76 53 11 10 24 71 67 86 27 64 99 12 10 75 88 31 85 26 47 79 14 79 76 78 67 95 11 41 53 87 92 64 79 91 85 96 55 70 63 81 56 47 65 66 12 56 56 27 32 31 
41 78 70 57 77 15 16 42 69 55 56 47 36 14 58 91 84 59 27 44 81 61 95 68 24 80 16 99 73 69 10 81 60 24 13 87 51 93 66 50 37 69 28 72 49 99 39 17 43 19 
90 68 23 84 60 91 24 30 89 13 62 81 48 81 89 28 21 55 66 80 94 57 86 90 51 12 87 60 97 57 63 82 76 79 10 47 42 53 13 53 42 31 97 78 28 60 65 68 47 26 
83 26 67 82 19 92 97 12 59 90 47 93 16 26 79 65 91 38 53 46 63 31 58 19 86 55 21 75 34 10 64 34 62 25 23 31 65 19 41 19 46 83 50 76 86 75 71 83 14 67 
77 15 64 63 38 15 51 67 36 77 49 77 72 85 89 16 56 92 54 78 58 53 85 33 84 71 64 35 69 25 73 33 51 51 81 13 20 99 76 97 80 88 12 68 15 34 85 16 18 26 
49 85 97 86 62 29 58 32 66 27 17 74 33 23 75 14 26 95 89 51 65 63 57 60 92 26 65 90 85 75 92 65 40 75 62 28 85 14 14 52 39 67 60 95 77 27 81 40 82 55 
26 43 62 54 43 95 70 51 46 82 72 59 46 57 36 67 82 97 79 55 35 16 22 25 35 56 72 78 72 85 38 53 81 33 61 16 10 19 35 46 76 27 89 37 60 52 62 61 35 75 
70 49 95 33 71 32 29 34 95 80 78 38 53 76 76 97 10 83 26 60 51 14 29 94 79 52 78 77 68 50 50 30 86 12 57 75 95 40 39 91 56 46 21 39 48 76 84 43 14 34 
53 93 39 50 70 12 21 69 51 85 78 86 12 82 23 60 39 18 30 49 28 50 68 59 37 48 94 39 49 90 91 31 98 84 56 83 71 15 70 36 41 96 71 10 94 84 10 90 40 16 
41 65 83 67 14 59 58 19 15 84 39 71 43 34 43 20 54 51 54 35 71 59 90 27 58 56 92 26 40 27 38 28 54 28 91 50 42 13 49 66 68 40 87 28 77 71 87 97 97 85 
92 59 25 71 92 68 91 81 34 42 32 88 32 62 58 26 61 45 54 12 40 62 88 48 72 62 79 90 45 41 49 74 61 23 86 10 98 86 29 30 60 80 79 96 87 71 76 32 82 40 
40 76 81 55 58 65 16 87 91 38 98 76 95 25 43 97 11 79 77 85 95 66 64 16 26 20 55 77 31 43 21 74 17 54 23 16 98 89 58 40 67 65 66 48 89 86 90 56 55 23 
88 91 83 16 62 56 27 31 67 36 78 74 61 12 88 34 28 50 49 75 63 38 87 14 77 68 66 48 62 92 84 36 52 48 99 34 51 78 20 37 54 36 31 67 89 98 34 72 26 11 
17 19 21 77 62 98 60 68 18 71 98 50 78 39 64 77 19 65 58 26 28 49 78 96 32 97 90 83 70 98 25 82 61 41 97 92 40 66 46 37 26 79 53 93 22 43 67 38 84 67 
40 92 12 87 38 60 57 96 98 19 37 51 75 61 25 19 69 20 61 79 81 23 20 67 59 13 91 87 29 60 88 34 80 71 67 81 25 29 66 75 44 53 95 90 38 41 82 60 41 53 
48 82 74 16 78 71 59 95 90 94 82 97 85 73 99 28 65 94 85 44 55 26 91 19 84 89 71 69 97 72 41 94 25 72 58 74 70 89 96 80 29 84 81 92 99 84 35 68 46 66 
41 28 31 10 70 75 82 31 94 99 79 54 13 14 41 52 19 37 50 53 80 47 13 41 88 40 25 94 89 62 25 13 10 75 88 32 80 73 12 33 52 85 80 78 37 34 98 88 44 46 
88 81 70 39 25 20 60 55 62 75 84 78 91 55 56 36 81 26 26 55 40 41 52 15 27 89 17 99 17 57 84 45 22 78 71 84 50 95 87 37 95 69 18 45 52 75 79 75 96 14 
25 95 21 23 11 53 13 17 54 79 68 45 56 36 84 40 12 74 61 63 78 27 92 99 53 54 90 46 86 12 56 48 88 75 78 14 69 75 47 90 21 56 34 21 18 99 80 60 31 34 
31 66 63 38 96 73 44 31 67 61 54 20 34 37 74 20 32 58 24 60 57 71 41 35 12 48 62 54 73 55 22 15 54 29 80 90 83 21 52 51 87 55 99 42 49 31 63 63 61 88 
49 49 24 15 21 27 31 94 56 61 23 99 99 41 23 40 30 63 77 74 98 76 68 30 74 84 28 93 27 99 55 66 74 59 89 56 99 50 80 17 59 36 82 43 66 90 77 87 74 95 
31 59 71 66 87 38 80 62 78 14 65 12 60 47 73 31 95 31 41 63 50 88 97 35 83 17 13 43 34 89 17 66 59 53 98 74 76 24 60 45 75 68 70 55 92 29 39 43 78 13 
52 22 84 12 83 23 74 97 85 46 35 84 88 25 29 12 18 92 72 12 11 72 48 78 14 31 12 70 32 33 32 87 20 51 19 61 89 66 54 28 43 39 18 28 53 86 24 82 83 10 
23 87 23 59 29 68 70 84 35 96 83 72 78 34 52 65 45 10 56 86 64 77 42 95 77 35 72 40 68 89 45 60 94 81 94 87 84 68 13 31 25 94 44 34 98 70 59 21 46 74 
80 33 82 92 29 51 40 53 95 74 63 71 35 27 93 84 86 66 30 18 54 33 62 67 61 37 96 96 46 68 85 79 73 85 53 54 45 35 31 83 44 72 70 40 94 30 94 59 73 92 
83 32 12 69 85 28 93 95 10 43 75 55 50 71 21 59 49 15 20 53 47 18 46 43 29 12 45 19 68 63 89 39 23 16 81 81 55 40 82 40 27 47 45 74 45 33 92 22 93 26 
97 88 39 51 54 65 40 91 59 19 11 16 98 59 73 80 34 47 69 84 17 84 63 48 23 52 99 29 62 15 73 80 64 20 23 44 83 33 78 79 65 97 37 50 41 47 80 59 19 51 
99 22 21 50 65 15 22 23 87 62 51 92 80 40 94 52 44 98 68 88 72 14 49 25 94 15 84 11 27 46 30 53 75 68 29 66 32 28 90 92 42 29 29 44 12 40 65 40 82 13 
47 59 23 18 37 86 77 68 79 20 34 37 82 83 74 42 21 41 40 65 97 63 24 72 74 82 91 32 59 70 52 56 63 28 84 34 56 35 51 66 58 84 49 51 18 73 54 99 44 73 
12 44 25 75 34 58 12 48 92 18 63 59 33 14 29 39 89 78 69 23 83 32 28 95 26 10 19 32 10 77 66 42 96 58 53 34 95 45 79 23 25 62 30 25 96 13 20 54 27 82 
66 17 30 13 45 25 69 68 19 40 11 84 43 87 50 58 28 13 96 21 16 93 60 26 78 46 98 84 38 75 35 66 87 79 41 87 25 34 39 97 21 31 69 65 36 34 13 18 96 16