75 29 12 93 57 69 11 89 35 31 28 85 54 36 53 22 43 27 22 91 67 83 15 57 76 55 55 37 13 85 
78 88 71 45 44 67 75 46 28 42 31 30 39 84 45 31 51 18 72 99 63 56 12 67 96 25 19 72 36 10 
11 60 96 10 44 29 54 93 84 39 85 68 79 63 68 34 86 21 96 82 21 24 90 73 81 99 33 39 25 49 
23 16 47 22 65 51 67 16 75 80 36 74 64 14 85 16 76 24 43 98 81 17 66 66 25 72 20 51 29 88 
23 12 19 48 24 39 24 84 59 36 83 46 77 28 99 64 79 99 51 49 99 62 60 90 88 16 51 14 32 90 
93 87 40 38 45 13 39 56 86 15 65 75 44 48 64 73 34 61 37 72 82 47 50 37 77 48 45 23 81 93 
55 67 48 10 74 41 25 63 33 68 90 57 95 41 43 55 49 91 90 80 41 97 66 21 76 19 87 53 13 76 
22 11 71 33 64 71 55 40 58 66 25 11 84 39 16 98 65 30 59 60 27 90 40 62 36 60 40 16 79 56 
11 71 91 57 47 47 17 84 41 27 83 47 41 29 75 53 29 29 20 56 29 51 20 24 25 46 27 52 64 99 
76 50 58 13 45 17 33 20 62 47 32 93 19 18 70 13 89 83 71 94 95 51 97 63 84 74 85 81 52 14 
43 90 79 13 49 27 61 18 49 84 69 80 91 44 50 89 95 99 70 55 38 72 25 50 29 64 96 90 83 38 
62 26 21 58 83 22 88 22 56 86 72 93 93 25 68 39 73 95 82 74 51 76 85 64 38 25 52 33 73 68 
12 65 67 57 45 15 35 18 99 12 39 89 94 84 71 27 11 53 26 58 73 64 23 66 62 35 58 32 35 57 
30 80 64 32 66 22 79 85 86 76 34 93 34 34 19 97 75 13 31 57 64 40 25 91 45 10 82 93 11 10 
71 73 37 77 46 22 13 98 36 40 20 11 13 11 29 78 25 77 41 99 79 74 96 62 93 54 51 52 14 22 
33 27 31 79 50 67 12 75 36 85 98 23 41 42 16 84 60 22 14 58 60 87 64 38 44 58 86 26 85 73 
70 92 93 72 34 60 37 81 23 15 77 76 74 33 37 91 93 28 72 15 24 65 82 51 24 18 49 96 72 31 
12 57 28 64 37 66 54 58 82 47 83 39 62 40 96 85 25 63 20 57 63 61 29 68 85 76 90 37 84 26 
91 91 55 49 11 40 67 93 99 14 28 38 26 46 82 48 18 98 26 91 92 70 52 89 57 78 13 37 48 38 
35 23 86 16 90 79 34 95 65 44 31 14 80 58 99 54 28 30 87 82 23 52 88 57 42 11 93 60 69 75 
18 39 24 15 64 29 29 36 61 62 67 34 83 38 88 55 73 56 36 79 76 38 89 84 63 39 37 33 15 20 
61 39 98 98 99 20 76 14 68 32 74 58 82 19 14 50 75 66 71 86 55 54 96 29 53 59 87 87 17 70 
35 67 35 99 43 72 93 80 46 65 36 11 99 69 30 95 73 76 59 97 55 11 88 93 39 66 90 77 25 17 
13 58 17 72 25 76 50 73 14 59 85 15 58 33 63 66 76 93 97 29 74 43 64 11 17 77 91 87 89 51 
98 17 21 42 33 35 53 77 60 11 35 46 91 44 10 93 84 45 11 80 86 10 13 32 39 48 35 82 67 52 
27 22 47 12 85 48 80 15 82 35 63 19 29 24 73 74 71 18 95 92 27 16 49 24 89 59 86 98 23 69 
42 38 55 11 14 80 80 42 83 57 49 88 43 76 89 14 82 11 94 53 13 41 60 30 14 46 43 16 28 72 
94 23 25 50 98 51 44 80 19 22 73 19 25 82 11 46 96 51 15 34 61 96 35 31 79 23 57 81 84 48 
26 90 30 97 62 50 62 38 95 38 51 22 41 80 45 93 90 17 16 93 41 87 83 74 32 27 12 35 67 43 
53 51 70 77 82 20 25 29 52 31 50 79 67 10 10 41 92 98 28 74 98 77 29 77 11 56 89 58 10 41