70 33 97 14 65 68 52 12 70 38 31 20 48 31 44 76 60 11 47 54 42 60 14 31 81 67 61 46 49 87
48 67 75 99 61 17 23 42 36 36 91 71 40 78 32 33 55 81 10 94 73 18 28 71 80 50 81 44 70 91 
93 88 11 61 16 48 37 74 56 80 34 91 90 85 48 18 63 67 58 28 69 47 76 94 33 79 50 47 41 96 
34 67 18 75 69 81 95 39 99 70 30 29 80 57 78 26 26 71 81 60 92 96 46 53 47 99 33 72 36 48 
39 37 96 38 17 32 25 46 22 30 63 63 23 26 54 61 42 56 78 63 99 41 88 18 33 37 97 61 55 76 
93 94 84 96 49 83 91 12 61 53 60 29 95 95 52 95 35 33 18 24 93 35 44 58 23 14 39 49 35 26 
29 31 94 16 63 39 84 80 45 91 92 23 28 18 80 96 97 22 20 44 42 57 74 79 11 45 61 89 89 75 
17 44 92 80 16 96 98 28 92 59 78 16 17 16 78 41 80 15 48 88 26 18 71 94 60 93 82 73 31 13 
30 35 31 90 19 78 88 25 52 68 16 91 10 34 94 71 44 18 20 42 54 14 61 73 80 40 56 43 74 81 
30 17 65 76 90 66 53 80 82 21 97 21 92 75 90 71 40 91 75 45 66 66 84 56 71 40 45 16 98 26 
55 92 53 80 49 36 66 73 33 24 20 86 66 69 40 58 68 32 43 80 64 68 81 89 46 82 52 16 25 91 
58 26 88 93 44 99 20 39 30 20 44 55 94 78 84 86 40 18 42 57 59 79 74 13 74 97 49 57 57 22 
50 68 70 35 63 19 32 53 81 32 39 26 95 55 87 44 75 59 28 52 51 55 91 38 97 90 69 16 94 25 
83 35 91 78 80 89 94 78 48 30 66 68 75 62 46 37 85 88 23 42 82 24 30 92 65 10 23 49 56 55 
24 94 86 90 91 99 62 77 45 93 99 78 56 24 49 84 32 34 48 76 73 96 67 45 24 80 92 44 49 74 
85 78 36 52 36 99 75 54 49 10 40 76 17 50 35 73 54 82 33 36 77 12 63 41 90 88 37 83 40 39 
71 93 29 88 51 36 44 32 69 36 60 93 74 47 24 21 85 11 63 82 79 77 56 81 77 51 47 11 62 37 
14 48 24 93 44 89 80 90 14 67 29 32 47 86 71 20 29 44 71 44 35 73 89 26 39 31 96 59 84 12 
78 76 61 48 53 39 86 41 39 73 19 23 65 86 36 83 17 13 48 14 97 95 61 36 72 92 99 80 26 63 
25 82 77 56 27 28 60 81 77 59 15 80 27 19 96 66 89 30 72 35 81 62 47 50 54 91 78 68 81 20 
73 71 23 32 91 24 18 68 26 98 32 64 13 90 40 16 34 98 84 73 69 14 19 98 83 81 55 19 38 97 
56 53 15 19 88 77 49 35 84 62 84 36 96 33 53 97 30 90 53 39 80 50 78 31 94 63 16 91 94 13 
31 50 76 56 13 74 43 58 37 16 34 80 64 98 64 80 52 54 11 68 71 23 99 82 12 75 47 58 81 77 
71 33 29 49 45 85 22 79 79 58 55 11 37 53 11 25 94 12 88 92 94 95 35 46 22 49 28 54 39 93 
47 43 39 93 21 93 54 14 97 40 61 55 62 75 32 45 97 11 98 93 42 35 16 97 40 71 80 25 46 57 
12 45 47 69 94 44 97 75 49 78 12 73 48 38 50 92 97 75 65 56 94 72 73 43 57 56 36 26 31 25 
71 88 23 49 48 21 49 40 82 54 13 12 62 68 60 88 80 45 53 80 94 33 34 85 55 62 80 86 40 81 
16 87 56 20 76 87 93 18 70 96 74 71 90 67 85 17 46 79 48 33 52 77 32 13 90 64 65 53 10 30 
10 90 60 61 94 68 43 48 15 15 67 68 85 39 85 25 46 19 45 38 80 52 89 14 35 70 27 51 74 62 
24 90 70 28 97 14 22 90 80 46 34 57 82 22 95 94 12 36 73 69 60 99 98 58 29 85 41 87 82 47 