24 89 18 35 22 23 13 37 65 11 72 84 82 97 79 44 18 89 51 46 27 71 20 54 23 46 35 11 86 83 
67 29 77 73 48 10 72 86 78 84 57 41 67 33 19 81 36 85 11 43 83 51 54 74 98 44 81 77 60 74 
10 32 20 13 95 62 93 25 29 46 79 98 42 37 30 59 95 26 65 24 22 50 60 29 75 32 29 67 62 70 
92 10 45 38 73 94 92 73 35 35 43 12 33 77 89 15 75 97 57 95 24 35 13 97 42 80 76 86 48 19 
96 59 68 14 14 99 33 46 61 83 73 91 48 34 28 64 56 20 66 86 11 43 83 75 72 40 46 61 38 58 
93 13 14 95 35 88 22 74 89 62 61 28 64 13 81 18 22 35 10 46 30 31 74 94 99 97 85 96 79 99 
58 63 84 31 78 36 23 63 86 62 98 57 72 59 21 86 86 57 49 87 26 61 76 59 31 11 96 16 45 64 
55 69 72 42 21 73 97 91 14 12 99 69 73 11 51 32 45 84 20 20 39 67 16 41 23 77 97 95 52 49 
71 75 13 36 52 29 57 61 31 10 87 81 40 33 20 64 81 93 91 20 12 60 89 41 10 28 82 18 78 88 
59 91 31 19 74 31 61 14 27 36 30 24 71 67 95 95 30 81 12 99 21 59 71 97 72 10 18 59 96 60 
95 69 11 10 31 57 65 74 32 33 65 43 84 52 62 54 21 13 21 16 72 24 25 92 31 35 70 49 77 96 
76 91 16 47 88 50 19 67 37 89 79 48 19 68 49 43 87 87 23 41 22 54 34 82 98 52 43 19 24 44 
72 91 29 96 51 18 66 92 94 41 97 10 41 57 74 80 55 70 85 74 85 36 66 31 15 13 75 31 66 14 
61 69 55 54 13 18 30 26 84 86 96 81 10 10 54 44 90 84 82 38 62 65 75 21 16 67 62 58 78 97 
52 73 33 11 90 90 92 85 81 16 73 75 53 60 25 71 55 40 91 76 96 61 26 10 53 57 76 96 63 65 
78 42 83 41 98 45 60 45 37 77 18 65 56 97 49 22 94 42 69 23 72 46 61 29 44 71 99 83 48 59 
36 64 38 30 59 68 86 79 86 68 49 86 25 82 80 65 50 88 95 29 46 32 65 30 28 23 49 15 67 77 
53 43 44 94 77 72 86 39 63 54 34 15 85 28 78 90 40 48 21 68 97 18 23 60 58 63 57 51 68 26 
47 76 38 78 95 83 87 47 15 65 85 78 95 95 47 39 16 84 13 37 75 75 20 67 47 60 49 84 66 80 
23 50 50 48 27 51 43 65 73 19 94 17 52 10 69 49 83 32 79 13 31 81 77 15 72 84 32 79 18 96 
62 78 29 30 30 53 51 33 94 95 80 80 58 99 63 36 56 21 51 20 89 44 14 60 13 11 88 63 75 36 
55 49 97 38 10 70 90 25 26 19 49 27 80 73 17 92 73 62 52 33 73 56 84 46 56 89 17 49 46 88 
75 45 66 28 99 29 10 21 28 63 56 27 95 75 63 28 97 32 47 35 46 83 76 92 95 92 26 42 34 34 
49 58 83 95 51 33 32 31 86 67 51 59 12 27 10 56 68 40 98 76 90 21 10 65 91 98 30 39 57 59 
50 41 71 84 45 10 61 94 16 93 67 75 56 60 11 31 93 16 79 98 31 53 45 48 61 75 52 96 96 41 
54 45 59 54 79 89 72 60 92 59 98 92 98 61 35 65 89 46 99 42 36 30 81 95 28 96 14 74 14 22 
53 36 64 46 39 78 43 11 15 80 23 45 70 13 86 78 31 19 74 23 37 72 46 10 63 27 76 30 88 78 
23 97 31 20 12 74 69 70 97 41 26 18 47 47 93 79 34 56 51 89 32 20 56 67 13 27 18 14 93 43 
55 12 23 55 12 57 62 92 50 19 46 42 48 28 17 66 44 79 27 83 23 33 77 42 44 54 14 31 30 40 
18 50 52 10 79 49 63 86 29 47 90 98 84 64 87 80 78 28 65 35 32 74 55 17 11 60 90 61 35 35