60 66 13 30 61 62 78 78 54 13 68 33 39 27 66 19 60 46 39 45 98 11 47 32 76 17 61 78 93 80 
95 60 33 74 53 23 53 46 66 64 58 64 84 65 55 88 88 68 88 50 66 13 25 34 76 20 92 42 54 40 
92 16 52 56 95 36 93 26 71 43 58 92 71 18 47 40 79 98 45 98 87 67 99 35 21 35 89 20 93 81 
75 69 73 38 92 24 37 69 17 16 44 36 88 65 35 59 33 28 19 81 28 50 16 61 94 20 99 76 49 30 
17 69 27 90 22 28 32 68 72 78 44 41 37 15 87 30 61 90 13 76 88 61 19 15 53 58 43 63 14 51 
94 30 34 75 45 61 21 64 31 66 49 69 22 11 79 64 14 52 34 41 99 29 93 97 96 49 81 18 68 37 
71 28 59 15 86 70 79 96 11 14 95 94 13 40 23 66 42 91 22 19 80 22 56 20 71 41 14 82 18 65 
48 27 97 77 80 55 34 17 11 29 24 56 97 85 86 78 31 38 80 39 78 75 21 65 15 18 12 57 10 20 
12 38 65 99 85 20 58 85 22 91 15 84 98 94 62 61 36 47 51 61 40 61 58 99 78 18 52 78 86 50 
24 11 17 75 70 99 45 50 66 84 55 24 86 32 71 16 20 81 81 25 31 61 34 79 42 16 82 72 51 67 
97 47 44 36 55 81 42 58 16 69 37 55 83 67 66 52 46 94 23 25 16 25 31 44 17 47 18 69 85 54 
58 47 77 10 13 49 73 34 11 82 84 80 29 12 19 71 77 37 28 59 12 53 79 29 77 21 36 59 63 95 
84 86 94 34 91 58 43 88 97 74 39 63 30 73 27 89 95 24 99 31 66 47 89 39 21 46 47 70 67 70 
63 67 64 99 22 78 66 72 36 59 41 90 40 50 90 39 59 68 13 50 65 14 33 49 85 60 27 55 23 98 
60 24 16 94 18 26 29 77 55 41 21 90 12 56 93 78 21 33 55 41 49 17 24 82 61 20 55 69 55 33 
62 96 41 16 51 23 90 88 30 69 73 91 43 49 41 48 31 51 95 29 96 17 66 88 33 98 95 36 67 63 
17 42 43 52 62 98 41 40 28 40 27 71 45 70 81 92 94 29 65 28 30 36 19 26 68 37 90 36 10 18 
10 15 20 20 84 74 76 61 88 43 85 64 87 24 87 74 47 62 72 80 66 18 90 58 47 10 48 89 19 49 
60 53 63 72 28 60 89 85 28 47 90 67 38 87 22 84 51 58 70 32 58 70 28 89 69 83 23 52 69 26 
57 18 36 23 93 42 96 65 61 74 61 34 81 61 63 33 66 30 20 17 45 64 23 38 31 82 47 76 82 47 
72 63 94 69 44 57 72 30 23 24 99 78 24 94 77 92 41 97 51 70 90 95 19 25 83 62 16 64 29 73 
40 26 88 61 12 93 16 79 45 18 81 74 16 12 91 69 85 71 15 33 37 91 42 31 58 97 88 78 69 18 
95 14 47 11 40 68 49 82 56 16 54 48 31 32 62 43 47 72 81 38 64 30 26 11 82 32 54 90 18 93 
68 29 34 50 26 30 60 39 91 32 96 67 19 24 95 88 62 77 34 10 30 52 54 78 27 99 92 58 90 94 
22 61 17 53 31 43 66 87 25 45 98 44 51 71 19 28 95 59 89 75 59 33 72 28 38 75 87 51 60 20 
56 82 31 57 41 42 73 80 68 57 89 96 41 36 13 30 48 47 49 85 75 47 46 42 47 74 51 84 89 81 
41 66 80 71 29 42 30 19 29 59 96 36 36 96 53 74 23 12 89 94 43 79 46 22 18 95 37 79 57 94 
54 11 80 39 97 33 84 93 56 98 56 10 94 62 98 27 93 64 98 31 60 94 65 15 73 34 44 81 79 73 
64 32 37 99 82 59 10 87 82 89 27 88 90 55 94 93 63 32 53 25 10 63 10 81 14 15 63 16 29 33 
12 48 70 89 29 12 24 86 81 90 66 61 53 92 82 17 26 51 89 26 35 79 16 22 50 20 76 10 45 68