59 28 62 80 69 37 11 50 37 24 81 25 31 52 56 43 18 39 88 13 83 82 28 83 50 91 39 18 28 46 99 20 20 13 35 56 83 33 29 88 19 55 89 24 46 28 15 45 22 38 
64 58 94 26 47 59 43 20 31 86 62 23 25 82 54 14 92 51 53 41 21 40 77 36 23 41 19 96 55 73 86 79 89 77 51 29 72 94 82 90 65 25 27 90 78 46 11 96 99 27 
52 74 20 83 59 73 10 97 76 68 94 59 80 83 92 90 34 94 62 76 23 55 29 84 46 51 28 98 89 72 26 41 56 91 44 74 74 66 33 24 13 56 38 50 70 51 93 96 10 98 
73 68 95 91 69 11 27 65 19 52 34 64 86 92 23 94 76 63 12 79 59 98 42 80 77 18 87 82 37 19 16 57 97 38 31 31 62 30 85 57 71 76 25 55 16 18 66 18 53 32 
61 21 44 67 34 50 34 81 77 65 41 80 11 82 53 70 47 36 97 59 12 63 82 83 40 75 75 39 36 48 15 46 55 79 44 15 86 11 60 14 92 70 90 83 77 27 34 66 58 51 
29 25 55 47 51 25 18 24 28 23 92 58 85 14 44 36 27 31 84 66 88 34 96 39 46 56 97 76 89 92 20 61 67 41 57 76 44 67 75 72 52 64 20 56 45 97 47 93 92 23 
20 71 73 88 33 98 94 39 66 67 77 66 94 50 95 95 44 82 63 29 91 20 55 36 15 79 95 59 86 70 66 19 90 96 93 52 37 96 12 46 75 44 20 33 73 79 98 94 57 33 
67 59 95 67 69 11 57 52 37 93 65 17 35 48 61 57 47 91 49 27 72 82 15 96 24 71 42 25 88 76 24 21 90 49 93 78 36 16 27 77 30 81 19 43 88 48 32 35 67 48 
43 23 81 28 50 92 66 16 79 84 65 77 79 34 84 22 65 76 69 67 73 64 61 83 55 86 18 24 46 57 54 81 33 51 83 10 29 28 12 29 96 45 97 27 75 18 26 25 71 29 
96 95 10 19 86 96 41 94 62 44 16 13 90 95 74 15 68 26 61 73 85 23 50 19 42 25 42 32 35 71 82 83 15 50 34 54 67 75 84 53 78 19 33 26 38 53 93 54 76 49 
76 72 71 99 40 26 23 32 88 16 41 67 50 33 44 95 97 99 87 10 76 65 37 43 47 28 96 87 61 43 80 39 99 35 71 43 47 88 56 10 57 19 15 45 53 76 11 67 90 13 
30 72 56 48 96 36 30 79 42 48 70 89 84 15 73 89 75 55 75 78 73 68 51 75 34 42 97 37 79 78 52 68 61 18 69 33 47 42 33 80 59 33 38 53 52 17 99 33 80 14 
13 11 69 62 47 44 20 33 23 59 76 64 25 41 24 79 93 96 89 81 24 69 89 14 37 18 66 87 15 15 71 33 68 61 30 68 40 55 33 33 21 84 87 39 97 74 91 34 84 71 
32 34 63 65 26 74 41 49 46 58 21 37 91 77 21 16 77 62 23 17 17 13 40 40 63 85 82 65 36 40 14 62 61 18 21 15 47 90 86 93 54 59 61 83 86 29 36 40 43 79 
66 62 46 40 43 15 51 75 78 11 94 11 88 45 18 85 99 83 10 53 20 51 64 59 62 75 27 58 96 77 35 43 62 98 34 39 63 84 83 65 15 76 28 61 27 70 85 60 75 13 
81 29 76 56 51 79 32 32 49 56 50 64 58 33 65 63 92 97 94 46 27 94 90 21 82 49 17 29 24 29 76 85 70 25 83 58 51 79 79 44 54 81 74 62 18 52 52 71 85 94 
60 72 14 60 76 66 85 96 21 75 11 90 88 85 82 29 36 39 58 47 55 34 82 86 85 49 40 22 80 84 11 96 55 14 18 82 18 89 82 59 91 28 87 73 77 71 97 34 76 70 
65 58 73 66 64 76 11 97 20 54 39 16 64 77 11 65 27 97 89 20 73 21 69 64 79 62 79 65 82 60 88 80 96 62 85 49 79 66 81 26 99 43 66 43 26 42 68 35 18 14 
76 77 16 48 97 13 76 64 11 61 28 15 31 97 61 29 80 43 71 46 23 13 64 73 80 72 22 43 80 13 86 47 52 14 63 53 29 89 87 40 19 33 52 48 84 71 54 95 23 64 
58 44 16 91 59 42 19 74 93 61 83 89 91 63 38 27 30 72 17 46 71 23 78 99 93 94 91 69 23 71 11 82 62 55 96 47 22 98 78 59 20 55 55 86 48 62 66 10 10 56 
55 95 20 34 80 84 72 12 53 70 45 54 65 66 37 45 85 28 90 43 92 73 97 26 70 48 73 94 99 93 81 31 30 64 21 38 50 81 55 44 63 24 14 72 76 89 90 33 58 18 
41 87 91 85 58 40 96 54 43 81 73 42 32 32 29 71 60 34 49 14 39 70 98 39 24 10 89 59 47 24 48 56 48 79 66 37 20 97 30 99 81 41 79 98 39 35 77 88 85 91 
92 89 99 26 37 80 15 76 96 87 36 35 37 63 84 27 96 15 78 90 29 73 96 25 22 55 25 94 71 77 30 46 38 30 69 45 78 45 35 37 87 36 65 30 63 93 46 41 96 83 
97 41 51 18 58 19 39 61 26 91 96 77 74 59 54 72 37 52 44 30 76 71 80 30 82 90 16 69 82 59 57 24 71 41 81 73 31 41 48 79 82 27 52 73 62 77 47 23 24 73 
30 23 10 15 18 35 36 33 27 24 43 80 15 97 64 19 15 31 12 24 45 25 34 74 92 95 36 45 24 23 53 59 49 22 13 60 27 55 80 99 54 47 17 90 40 52 76 45 69 49 
62 68 97 84 26 48 62 23 91 46 35 66 57 63 43 81 25 21 95 36 82 13 17 65 13 19 66 69 10 20 14 41 67 89 24 19 93 46 51 78 67 27 71 43 80 12 13 66 43 70 
44 17 10 80 23 55 95 51 90 82 65 89 90 98 66 88 35 49 98 76 80 25 12 67 68 63 99 13 59 45 39 47 94 46 50 33 81 66 64 23 78 40 82 24 48 74 40 12 33 35 
70 37 48 24 46 35 26 28 18 43 51 51 57 96 16 13 67 62 76 97 64 29 62 33 28 37 29 81 66 66 86 95 75 69 82 39 83 91 80 56 80 13 24 51 15 72 10 26 24 14 
75 26 45 89 41 76 27 46 50 57 70 70 46 96 95 30 22 55 62 67 69 78 47 60 84 73 13 15 29 23 62 45 23 60 40 21 88 23 48 32 73 74 22 35 36 85 26 18 59 78 
78 80 85 63 55 26 55 44 79 24 38 97 12 40 15 97 31 43 48 30 21 33 61 38 52 34 39 65 34 56 35 60 57 72 22 60 43 25 35 53 72 96 80 35 77 21 75 15 51 20 
14 82 72 64 73 53 58 58 46 30 91 31 19 30 35 17 56 15 44 63 90 86 40 88 52 76 93 32 16 71 92 38 68 91 88 40 14 23 41 36 72 41 28 60 82 15 57 75 90 37 
27 84 52 14 56 21 53 92 48 89 81 48 74 16 26 96 45 48 51 65 65 37 49 31 40 28 71 82 85 70 97 89 13 73 80 87 59 29 91 67 51 97 54 39 98 91 65 33 55 50 
55 15 25 52 18 72 57 73 37 65 47 30 20 20 94 51 22 24 76 22 74 30 95 74 36 58 85 58 45 17 36 83 97 77 40 26 53 94 95 67 13 17 29 20 18 64 31 20 57 61 
73 84 80 44 89 54 50 45 53 12 60 27 95 42 75 25 70 72 26 28 26 37 24 97 16 25 55 25 46 68 87 97 57 87 39 51 15 11 10 97 69 38 78 49 38 26 55 21 56 92 
62 91 32 68 22 43 58 86 80 49 33 69 97 51 50 49 96 57 83 94 30 33 92 70 49 59 72 57 51 76 32 91 57 22 41 14 71 53 55 42 67 39 88 91 81 69 49 46 15 18 
93 60 50 32 85 89 12 73 59 70 65 79 42 21 67 78 43 11 16 89 67 37 12 67 46 65 99 80 73 49 35 22 99 42 99 85 17 99 95 47 37 81 44 17 58 23 65 70 24 98 
42 32 88 81 70 72 61 89 24 94 77 79 54 21 35 29 79 94 33 11 41 49 88 88 99 83 60 42 69 73 56 31 22 12 42 58 58 63 47 58 29 89 65 24 76 79 97 17 18 96 
16 55 66 86 32 28 67 50 20 34 29 92 26 92 87 99 53 60 19 71 77 48 92 91 91 33 78 51 42 12 59 67 68 59 86 66 28 96 24 55 91 62 57 86 41 78 27 67 66 61 
83 46 57 38 59 23 50 69 30 14 80 25 16 80 36 70 93 31 64 17 36 35 36 47 66 12 32 51 34 95 69 23 57 74 96 58 20 50 61 46 48 94 57 26 86 78 26 22 52 17 
15 90 81 34 84 28 54 82 46 59 26 10 93 92 61 96 50 90 10 42 87 71 56 87 97 95 15 89 70 86 75 59 79 72 73 46 99 62 25 87 79 30 29 38 20 21 29 42 61 57 
33 14 69 98 56 27 58 58 19 94 63 35 31 76 32 15 88 42 28 52 42 62 57 14 98 48 10 98 15 24 71 46 69 39 44 13 50 97 28 69 23 78 21 62 40 53 82 69 88 21 
97 73 23 81 83 24 53 61 78 54 21 29 58 72 48 78 20 41 86 49 86 36 22 82 53 43 24 24 69 72 31 10 81 90 20 29 16 63 22 60 21 75 59 77 88 49 28 33 21 35 
93 54 28 82 38 79 27 27 71 66 14 91 75 73 11 67 30 15 10 68 18 96 81 28 48 40 13 24 43 77 23 76 15 39 56 24 48 27 73 14 31 47 56 90 91 67 89 83 86 51 
92 91 49 61 39 35 14 98 75 66 69 44 73 74 67 27 45 87 79 38 91 73 10 46 57 18 62 63 37 71 55 49 62 75 73 96 87 69 12 89 50 56 96 20 58 59 65 23 25 33 
12 37 99 38 12 30 65 29 77 83 72 80 55 45 66 90 65 15 51 39 89 73 30 62 66 13 94 83 34 38 51 27 78 29 66 33 43 49 27 89 84 36 23 24 44 95 58 25 45 54 
88 34 21 87 96 87 18 60 48 31 16 35 10 45 83 88 87 81 95 15 17 38 29 49 17 40 65 97 25 11 28 82 74 96 32 38 39 10 32 96 52 21 91 24 63 51 36 28 87 37 
86 73 50 45 66 59 36 40 73 37 60 59 36 67 42 88 21 13 53 83 56 34 68 44 81 87 40 53 31 94 17 13 27 56 52 56 96 10 86 30 58 96 31 62 32 41 61 56 22 35 
35 47 66 49 38 34 26 26 51 49 35 28 40 89 17 30 27 79 70 95 34 13 31 48 85 16 61 39 77 30 25 57 86 44 19 82 54 20 19 28 68 48 27 74 64 64 95 31 29 91 
95 76 21 44 25 17 25 27 38 56 65 67 50 33 36 60 37 43 15 22 63 87 77 44 20 48 34 24 71 71 52 15 25 97 88 30 70 61 22 12 73 42 26 58 31 35 94 80 23 28 
12 58 73 47 36 87 37 28 71 73 52 10 55 98 37 15 76 84 81 86 96 67 76 59 43 54 18 36 66 60 95 49 41 63 97 93 83 60 13 45 59 63 16 64 27 30 81 31 62 48 