57 59 15 94 58 78 11 47 80 85 88 16 79 85 84 53 94 25 55 63 25 71 12 53 31 51 53 54 92 99 66 29 94 48 33 34 82 77 52 41 14 83 61 12 64 13 68 44 54 33 
34 47 58 67 25 22 46 95 68 76 47 11 75 90 57 83 48 96 49 83 58 45 54 16 84 14 89 85 28 50 54 61 50 48 55 91 32 10 82 82 96 62 13 61 57 83 38 38 55 54 
55 88 76 91 46 97 17 83 69 44 49 79 81 68 86 75 65 21 59 56 42 99 91 84 73 63 94 69 97 81 93 25 69 81 83 35 23 98 69 17 12 97 53 53 89 38 95 24 79 69 
23 67 58 64 56 41 56 15 50 19 94 79 87 41 94 56 71 27 45 41 96 48 74 83 37 99 17 17 87 52 26 35 89 19 42 11 30 65 32 20 31 52 19 10 42 59 33 81 39 39 
73 95 60 39 66 91 46 32 40 68 40 57 44 36 84 34 95 40 75 47 75 45 36 68 78 50 13 21 55 63 22 73 71 64 40 64 79 33 76 25 97 28 21 35 16 73 42 23 98 11 
16 39 61 70 51 50 68 20 40 83 78 58 40 13 63 76 55 93 72 99 86 53 80 15 31 10 30 83 66 26 46 64 77 62 30 72 94 32 91 27 27 69 73 24 26 33 45 34 15 31 
82 75 17 90 91 71 99 80 57 47 28 35 57 10 35 12 31 41 70 14 25 90 55 87 87 55 98 63 72 64 86 46 14 67 19 16 19 52 19 93 62 35 40 17 90 67 27 78 43 97 
68 29 76 14 88 93 36 61 70 89 47 93 37 69 86 54 27 84 59 97 27 33 77 46 94 49 16 13 51 15 53 44 52 45 57 36 12 53 37 47 13 61 83 40 63 81 35 79 52 39 
54 19 58 82 96 68 41 39 69 35 26 72 45 72 20 46 82 54 52 48 34 39 53 53 35 78 29 76 96 73 78 89 80 19 68 87 88 88 81 34 35 52 63 85 37 59 92 87 54 13 
13 65 65 64 85 30 70 59 56 55 90 98 92 80 60 29 20 28 38 22 54 14 74 50 69 82 58 35 76 49 68 16 44 74 78 75 22 81 15 70 65 10 34 88 18 93 23 92 66 74 
93 79 53 35 16 58 30 49 83 41 21 70 80 31 14 12 34 36 28 14 39 73 84 36 82 85 51 46 56 13 53 43 10 60 66 42 61 75 64 81 77 26 95 21 19 59 36 67 23 60 
43 12 39 78 13 27 62 95 66 87 11 44 13 45 76 93 65 94 87 34 14 19 87 20 92 46 34 89 57 50 94 26 21 52 90 70 96 46 60 99 98 29 82 95 14 61 18 51 79 72 
45 72 43 91 73 97 13 86 89 62 82 76 83 52 89 97 55 16 81 10 67 37 84 60 81 78 58 77 49 74 79 14 25 13 43 62 96 57 64 69 64 23 23 90 78 81 14 91 23 93 
30 33 98 43 21 15 12 14 57 23 39 94 29 80 71 63 82 87 27 31 24 98 39 55 87 12 71 40 81 19 67 65 34 62 24 76 16 86 27 80 90 21 18 95 36 43 50 72 82 51 
68 91 71 48 83 91 83 59 46 19 92 95 35 46 90 84 29 72 90 41 97 20 66 14 61 63 77 32 19 62 46 46 36 26 81 56 55 92 60 89 99 45 64 50 45 66 75 16 14 63 
10 60 30 39 36 15 48 32 17 53 73 67 53 48 63 21 85 28 79 40 62 44 70 51 79 52 40 61 91 38 73 65 87 85 55 70 85 18 45 99 28 76 13 69 88 25 79 69 47 91 
67 88 32 99 62 34 78 60 90 69 48 83 14 83 13 21 62 80 32 61 98 52 46 79 56 97 35 71 11 73 16 99 50 79 95 92 52 63 97 15 67 55 11 82 75 99 46 32 11 36 
44 27 15 61 69 44 66 54 73 29 43 58 54 90 15 94 61 15 71 64 39 73 46 93 44 35 25 73 95 93 59 45 59 44 58 43 28 43 90 98 90 78 87 90 93 15 43 17 26 90 
54 12 69 92 41 91 21 63 77 79 80 61 63 25 38 89 65 48 63 93 59 19 94 38 48 91 46 32 15 83 85 74 25 20 10 37 82 96 24 79 68 91 24 68 33 27 48 22 11 73 
88 56 32 96 70 68 29 81 23 71 90 46 50 92 35 85 27 97 13 77 45 37 75 13 65 68 78 67 16 98 32 97 69 74 93 41 91 56 18 75 80 46 69 11 53 58 22 15 17 56 
56 25 38 96 36 47 76 68 77 23 17 56 11 66 15 39 47 43 36 25 83 43 39 26 94 92 56 60 86 86 64 42 38 19 22 24 95 40 42 91 72 48 44 77 69 20 69 33 93 59 
49 36 38 48 15 48 69 36 95 96 15 88 27 17 99 62 90 57 80 69 55 56 19 98 15 84 32 17 10 63 31 34 25 94 87 56 68 94 22 97 67 85 57 33 36 18 37 69 17 99 
59 61 36 94 70 20 73 40 69 92 92 42 97 95 70 67 54 29 29 33 65 74 88 95 14 49 57 92 20 22 13 19 50 31 24 74 27 58 26 41 65 18 23 24 58 55 14 90 48 64 
22 90 81 17 27 39 83 29 74 95 52 55 24 42 24 74 48 69 92 30 28 32 90 73 56 72 59 19 93 75 57 68 14 58 12 32 45 32 45 86 37 82 74 79 34 23 69 75 98 67 
34 84 91 32 38 25 65 27 96 11 68 29 46 92 62 94 26 51 84 99 21 90 29 58 31 46 94 68 36 56 78 67 79 24 85 22 11 51 87 77 74 12 98 51 86 55 76 58 93 69 
63 28 85 92 28 92 87 15 89 27 50 37 44 72 68 45 97 36 99 88 67 19 33 45 14 31 51 82 17 51 62 29 81 58 71 50 34 10 61 62 76 39 69 24 34 60 53 31 31 97 
56 47 18 36 49 22 38 87 59 19 46 14 58 18 27 37 81 26 49 76 47 62 74 89 69 21 69 21 68 17 82 52 75 29 13 84 58 81 71 77 42 18 95 29 84 14 61 29 59 40 
81 97 31 98 24 12 20 73 44 76 40 75 74 78 42 91 35 23 89 33 18 65 72 19 48 44 81 45 11 74 36 60 74 43 57 41 56 41 99 41 42 78 90 88 34 25 24 85 79 52 
35 33 46 48 55 33 22 43 26 79 72 56 33 35 53 12 28 25 88 58 21 40 83 87 20 35 77 30 39 16 96 88 94 73 94 76 23 94 23 49 66 11 54 13 54 51 47 25 24 87 
85 20 43 20 92 14 68 28 23 94 56 16 87 78 60 81 21 84 52 28 30 51 36 74 73 50 47 34 13 50 27 49 57 89 77 24 46 96 20 13 64 24 79 82 28 52 95 85 40 88 
44 29 15 37 82 73 39 40 47 60 25 38 48 21 54 16 19 90 68 63 15 34 31 82 90 29 22 39 48 41 25 49 27 65 22 65 57 85 36 10 66 49 32 10 90 30 82 92 82 38 
45 37 60 37 86 72 66 18 56 58 31 96 10 87 44 67 45 17 44 29 85 20 53 44 17 88 75 14 31 63 62 84 30 43 75 13 84 27 68 83 46 68 94 23 42 36 55 76 88 64 
50 32 69 77 31 42 82 33 88 42 21 85 50 53 13 50 12 25 40 25 68 35 66 27 92 91 32 70 97 80 91 28 97 86 62 70 79 70 55 57 97 75 22 75 72 35 42 60 12 14 
74 44 64 32 54 21 70 65 41 86 95 61 45 52 66 27 74 28 22 48 39 17 23 66 45 46 29 30 78 61 61 95 93 17 74 55 34 63 28 31 54 82 12 70 32 50 74 41 60 35 
52 59 57 33 81 68 99 48 37 89 91 97 13 86 19 74 51 60 32 83 74 48 70 63 96 18 62 91 29 15 31 77 57 81 83 34 10 26 99 29 36 55 93 83 63 30 59 33 62 74 
68 48 78 25 65 77 67 51 74 77 68 50 92 67 34 31 31 49 22 93 13 11 18 15 13 36 14 92 12 61 21 13 37 87 61 57 97 60 38 41 27 19 27 79 83 60 91 79 28 61 
19 17 54 26 86 97 77 69 39 20 43 37 95 58 55 21 26 69 74 79 93 94 23 99 48 33 64 47 58 87 68 10 34 79 69 72 98 94 13 85 47 86 33 67 53 17 93 72 96 11 
84 45 62 36 32 14 66 71 25 86 39 74 25 82 75 91 93 94 16 24 73 24 73 10 30 78 23 29 18 63 67 22 53 52 57 68 69 85 48 62 69 83 45 68 51 54 30 58 35 30 
66 13 44 24 77 51 12 90 60 97 62 58 22 57 50 38 86 40 91 92 22 39 38 74 27 47 66 56 20 10 90 28 50 99 34 23 26 75 74 76 50 40 18 91 19 72 18 92 39 42 
49 60 92 36 33 36 20 61 70 53 68 57 25 38 73 70 10 39 28 64 32 34 59 55 76 20 69 82 91 37 67 56 52 90 44 48 52 18 70 66 43 98 99 38 72 68 49 26 38 70 
71 28 47 72 76 28 85 51 44 33 33 13 48 88 86 24 90 58 32 75 57 79 24 69 14 83 84 55 61 20 55 51 38 41 44 73 95 21 98 58 87 92 94 76 14 28 48 98 35 88 
64 95 77 83 92 15 70 34 87 13 92 10 59 43 60 85 88 74 32 31 98 47 27 10 14 63 11 88 67 15 64 29 66 87 29 51 67 22 96 80 72 32 44 13 70 87 24 34 66 60 
53 90 33 35 88 15 14 88 87 54 70 50 23 46 27 21 61 40 57 99 75 37 91 11 18 11 82 86 33 83 39 43 64 36 81 55 10 24 61 23 12 27 32 30 88 71 74 79 97 81 
94 33 26 15 99 85 36 65 29 86 89 93 62 12 24 67 99 48 94 45 31 88 30 83 69 33 66 47 81 41 31 26 92 92 58 54 72 86 65 75 14 24 34 10 29 93 28 28 28 41 
40 68 37 38 79 29 93 39 20 40 71 56 11 58 45 29 92 71 38 96 48 99 19 86 27 30 46 53 66 20 85 11 20 90 18 94 54 33 78 50 10 20 39 50 56 62 62 72 60 22 
83 88 11 74 14 92 85 19 59 45 51 28 58 39 41 68 45 82 21 75 22 89 22 52 10 97 54 54 50 65 73 56 15 36 49 58 30 43 49 96 94 66 52 34 71 52 99 60 42 78 
16 77 48 40 67 57 38 75 62 16 19 92 50 50 46 23 81 26 79 77 23 46 29 63 62 76 38 36 27 67 21 56 41 36 30 62 19 51 60 22 49 76 61 21 71 55 13 20 96 95 
30 64 31 36 72 60 20 98 87 41 19 34 50 83 10 79 17 90 80 49 94 45 46 45 71 39 48 16 40 89 73 23 68 13 14 75 82 59 26 13 54 91 58 79 26 34 56 60 94 37 
14 88 20 31 36 50 63 82 70 88 85 12 73 52 72 50 29 69 54 93 83 94 69 21 92 69 21 82 44 14 74 31 75 68 53 10 68 57 57 11 77 58 66 44 41 32 72 95 96 19 
23 19 99 16 92 72 96 67 18 20 77 28 12 54 44 19 92 93 46 14 15 88 61 84 83 45 70 70 73 88 14 15 26 94 92 67 56 54 39 53 99 98 13 30 56 84 13 25 60 40 