99 40 76 93 36 99 95 28 35 42 78 26 68 63 54 96 22 74 92 13 76 75 10 96 20 82 19 88 48 46 81 39 64 47 94 48 88 42 73 42 26 85 58 86 50 67 21 52 96 16 
82 33 40 90 92 17 55 81 42 94 87 74 46 60 10 39 88 90 76 89 96 46 80 26 31 98 75 91 89 65 56 49 88 60 39 86 87 75 60 92 54 96 14 72 22 34 35 25 54 69 
55 76 87 29 88 64 58 45 13 15 95 63 71 85 72 80 80 24 58 55 18 47 49 86 64 21 49 62 54 70 60 49 14 93 48 14 39 60 61 88 66 95 38 30 99 65 56 81 92 20 
36 38 58 57 47 82 28 72 59 84 72 22 87 98 44 90 53 91 58 71 31 77 80 21 50 80 70 95 70 85 13 44 37 89 31 43 88 60 17 64 11 64 42 99 22 97 99 63 51 10 
95 15 35 22 16 46 65 93 37 80 21 20 21 63 98 23 49 53 92 19 37 12 83 91 98 95 87 35 25 36 82 63 36 81 42 24 42 86 98 16 57 97 53 48 84 74 64 20 35 25 
54 60 57 10 19 85 51 13 34 24 84 54 30 47 17 66 94 40 87 52 22 30 84 41 92 71 10 99 46 97 35 61 75 99 98 77 29 88 16 89 59 96 64 38 13 94 67 17 29 25 
13 46 87 10 52 44 15 44 42 85 55 48 10 71 25 89 73 61 49 78 94 87 65 98 60 60 51 78 67 54 36 41 42 63 36 17 93 10 69 82 97 79 28 75 62 82 33 36 99 24 
14 22 29 29 59 51 34 46 47 46 97 64 21 55 94 90 10 57 79 37 40 49 96 50 85 17 27 92 18 51 81 28 51 48 89 83 80 26 83 78 68 50 18 20 94 90 86 88 96 26 
26 14 98 39 89 32 58 35 87 57 30 10 18 57 87 79 23 96 42 40 82 40 83 50 31 60 44 31 77 29 42 21 75 78 49 18 59 76 81 80 77 66 86 20 61 12 75 54 37 39 
62 74 13 80 91 66 11 84 51 40 40 47 17 14 45 32 89 77 60 71 42 42 78 95 24 55 89 89 71 71 63 12 35 11 63 29 65 59 16 54 16 26 53 54 64 86 38 72 77 71 
20 80 54 23 35 84 53 84 56 65 96 38 96 60 91 94 13 97 25 60 84 13 55 80 82 66 66 27 84 86 18 21 67 65 58 59 37 56 24 51 17 20 58 72 83 66 61 35 24 93 
69 87 32 55 45 40 54 87 66 44 42 86 34 85 66 57 40 24 89 45 14 71 93 72 81 87 65 81 35 28 50 17 45 59 44 48 85 11 42 16 62 39 28 56 15 95 68 53 10 63 
29 72 85 73 60 39 72 47 40 93 26 68 39 11 12 30 31 18 46 58 97 29 40 80 45 44 32 97 43 79 55 58 39 81 98 45 24 49 81 67 60 92 61 71 83 44 43 83 84 19 
62 27 68 98 84 40 52 40 47 49 83 43 38 43 97 65 97 68 46 86 88 30 26 84 83 16 47 38 61 96 35 13 89 89 83 13 87 49 40 34 94 35 63 22 95 41 13 39 17 55 
87 93 12 61 35 85 74 55 55 76 32 49 43 29 70 23 17 16 22 52 83 30 24 77 13 24 74 43 54 53 63 24 61 87 33 86 63 39 99 28 26 36 60 71 62 72 29 52 55 52 
69 77 13 86 88 91 40 10 53 78 31 80 32 79 35 92 67 36 43 11 97 13 22 93 51 73 95 99 22 40 87 29 98 96 58 25 71 35 33 54 94 57 79 27 22 84 90 25 80 24 
19 39 11 65 42 70 15 23 53 50 21 97 84 28 67 13 46 59 28 41 24 90 71 34 15 35 34 52 28 22 24 80 62 39 73 63 24 99 17 86 53 87 39 83 87 96 80 38 84 31 
17 61 72 12 53 84 35 90 36 34 72 74 60 35 20 73 44 52 12 82 32 21 37 70 53 14 51 61 44 66 86 74 61 44 69 10 21 11 69 34 92 26 81 29 76 41 63 92 45 67 
16 32 56 90 59 15 78 11 59 76 64 68 49 64 27 52 78 14 33 51 12 38 56 50 55 75 77 96 13 56 84 76 26 83 22 90 97 74 69 71 79 98 17 43 73 62 91 61 69 15 
16 11 27 65 14 94 63 23 22 76 89 30 76 84 99 54 49 27 57 86 54 86 83 50 50 54 68 82 87 90 80 82 90 61 70 44 20 45 79 59 80 80 74 95 33 99 78 18 15 23 
61 20 98 45 42 55 53 96 25 24 16 82 80 60 14 98 55 28 55 21 61 45 26 20 91 19 73 45 43 14 12 27 24 68 28 85 78 90 94 97 27 74 58 21 22 95 17 86 37 14 
80 43 48 68 75 67 15 56 50 13 94 51 96 63 85 17 57 69 87 77 70 87 21 89 58 97 81 71 42 37 75 40 71 47 43 94 12 54 17 70 37 67 97 33 41 90 60 70 80 97 
84 17 22 76 86 59 15 82 11 80 57 35 67 91 54 78 41 63 98 33 50 89 88 66 13 60 81 58 83 97 67 37 59 98 64 11 55 82 52 22 23 20 75 72 80 66 78 69 79 18 
93 47 32 92 91 61 54 52 38 16 23 78 59 54 58 11 95 70 21 49 35 10 28 29 43 19 58 46 66 22 12 18 77 72 98 77 64 66 25 58 42 82 11 16 24 52 97 55 42 95 
86 16 87 18 75 42 39 72 81 21 40 50 95 73 42 23 62 23 77 69 60 34 52 13 97 50 46 90 13 39 29 91 95 73 82 20 54 62 28 98 55 76 69 17 93 74 94 56 50 75 
46 36 23 36 17 44 32 71 70 32 29 80 45 79 52 81 25 87 85 83 92 65 74 32 19 84 35 91 59 73 72 41 67 28 48 45 46 49 63 48 48 25 53 21 57 46 13 77 57 35 
27 32 65 51 37 70 92 52 96 19 14 37 86 25 80 13 20 46 52 91 13 54 51 66 62 69 33 73 76 11 53 35 51 54 37 85 84 28 36 66 70 21 57 48 50 41 48 45 68 24 
13 86 37 53 51 46 20 34 36 12 16 70 39 97 85 81 69 14 16 80 97 75 64 96 62 15 59 42 99 70 46 30 21 96 77 96 78 82 11 28 29 62 29 59 74 66 33 70 29 58 
67 38 33 37 70 24 91 26 70 34 41 72 48 25 90 98 50 97 24 44 93 62 35 94 82 14 26 18 35 32 15 34 38 31 63 25 26 51 54 88 74 12 29 80 68 71 23 31 69 23 
58 86 61 72 76 73 60 37 29 20 75 48 53 43 33 33 58 92 24 60 80 37 23 99 30 59 25 64 77 76 66 98 54 40 59 94 46 97 99 54 86 65 54 87 60 51 72 93 84 92 
41 34 52 24 17 22 83 33 27 96 86 39 58 30 96 31 66 61 79 76 11 37 28 39 26 71 83 88 31 88 91 96 87 52 13 60 61 96 27 93 16 91 58 63 61 50 13 88 65 82 
66 14 19 95 41 95 63 94 94 46 35 78 40 13 80 67 59 30 74 40 18 46 81 70 76 43 62 69 52 72 95 85 65 26 16 90 86 55 90 15 69 17 64 39 51 47 97 58 91 86 
82 96 56 86 27 97 86 70 66 60 85 48 67 69 11 15 60 86 65 89 44 14 69 76 13 12 32 64 20 28 85 99 14 22 30 55 66 78 67 54 99 41 70 71 13 47 65 27 82 71 
85 81 56 13 20 54 46 83 86 90 11 65 23 72 83 56 29 79 26 75 12 96 28 16 42 90 63 20 64 55 83 97 62 37 74 83 92 59 99 19 11 26 52 24 25 15 19 81 18 30 
48 81 63 34 16 81 29 20 80 16 62 85 14 49 48 89 72 42 68 49 69 49 69 86 42 41 26 28 67 67 84 75 82 31 86 69 78 29 81 75 11 32 49 86 69 40 72 85 63 84 
26 99 61 98 33 58 90 20 68 61 26 59 59 71 44 13 59 38 32 81 53 45 35 80 16 97 28 30 35 53 72 91 60 63 29 89 15 22 82 93 10 54 89 23 54 40 39 16 55 79 
47 62 40 70 71 89 65 92 85 83 82 61 68 66 73 28 46 77 94 81 36 67 31 43 85 28 88 63 27 52 98 70 10 60 52 92 89 22 91 26 66 49 75 20 71 21 21 61 68 99 
31 72 62 12 23 99 54 63 83 82 53 21 71 93 67 29 22 78 33 78 10 89 18 56 93 61 72 73 91 33 41 23 79 33 68 82 63 58 36 31 84 17 40 92 25 97 16 68 73 12 
63 41 63 87 25 25 59 50 53 67 46 25 89 52 25 44 41 44 61 31 55 42 84 69 87 16 61 94 45 54 68 43 25 49 29 85 65 19 66 83 41 11 21 93 36 43 89 83 68 70 
71 76 64 97 42 64 67 75 12 36 38 35 45 62 59 74 83 42 63 90 57 36 38 70 53 84 67 60 65 65 28 26 33 14 62 10 44 40 52 35 10 73 32 49 94 85 95 68 68 35 
99 24 60 78 48 22 87 56 51 63 55 25 21 72 75 41 34 98 48 63 64 13 88 75 55 21 58 33 77 11 89 77 35 74 61 73 18 60 93 73 84 31 40 13 40 84 91 47 70 83 
94 31 68 76 51 95 98 93 60 92 60 96 92 24 64 48 41 38 35 50 16 99 95 70 82 92 62 21 84 39 38 92 89 54 10 14 56 91 17 19 41 12 64 58 47 79 96 95 83 24 
99 79 40 68 38 47 88 91 26 77 59 94 31 83 89 56 68 21 33 65 59 35 42 66 33 84 56 63 85 69 74 15 26 98 10 54 62 25 42 79 61 61 43 90 93 67 89 31 29 22 
33 68 26 45 41 49 11 23 62 12 47 15 32 22 83 78 32 59 18 27 64 30 34 32 38 70 56 17 91 12 91 29 60 64 72 48 37 55 33 81 39 79 95 90 35 85 92 73 88 43 
90 46 17 79 34 76 62 56 66 24 67 89 27 81 10 97 55 69 44 44 76 81 25 98 43 36 79 90 76 68 77 99 49 38 21 44 83 27 97 80 82 73 72 59 46 20 84 96 55 74 
91 66 84 94 34 82 64 66 44 77 27 12 42 87 54 32 68 99 62 23 96 36 21 85 62 24 51 14 25 59 94 89 57 30 89 69 26 62 84 18 25 50 14 64 50 79 62 39 91 78 
40 23 51 30 88 75 43 94 28 19 32 23 36 19 45 17 81 73 31 76 83 30 74 34 64 92 99 61 22 38 47 90 44 32 51 73 23 50 71 31 91 55 64 42 79 75 27 11 85 57 
70 44 59 52 63 53 74 55 26 46 17 76 59 82 93 37 10 47 28 44 93 38 21 56 47 55 79 68 58 79 25 50 85 87 35 19 42 52 99 84 93 53 98 41 68 80 51 28 59 96 
19 54 86 66 57 89 19 54 86 85 54 81 20 54 58 61 82 80 55 85 82 97 19 92 62 40 25 33 29 95 71 95 60 95 11 91 90 45 60 11 34 58 59 56 54 93 80 76 72 33 
25 83 24 68 17 79 94 56 93 62 74 42 72 30 34 42 75 87 80 38 79 65 59 71 34 59 81 27 88 95 86 96 19 45 89 62 27 89 94 53 38 92 77 18 43 34 68 44 57 59 