45 79 13 51 83 98 16 12 92 82 27 41 34 63 87 75 47 70 41 95 94 70 94 56 89 18 53 21 31 67 23 66 78 89 88 59 15 78 30 69 28 86 37 92 41 46 24 97 12 52 
28 75 92 65 19 65 54 61 11 29 34 97 33 14 44 98 40 14 24 59 15 84 10 41 94 58 78 11 81 14 14 56 91 57 69 14 49 54 37 11 39 92 83 58 17 26 71 48 70 66 
30 75 61 74 26 40 77 30 88 87 49 26 53 65 47 59 77 73 52 12 21 30 50 16 41 21 80 90 29 94 97 59 48 79 78 49 52 40 15 57 69 50 30 91 90 80 18 37 44 50 
73 93 47 20 69 87 83 63 69 30 81 16 79 11 26 64 23 80 60 25 54 72 81 30 11 18 64 18 50 80 64 47 82 76 40 29 78 39 94 49 94 24 25 27 10 93 63 50 23 76 
12 36 20 15 46 93 53 53 50 10 60 14 55 56 15 71 53 63 94 92 44 15 60 32 74 16 86 45 23 17 62 78 74 86 61 49 97 24 36 17 21 32 10 70 84 17 22 53 49 27 
92 90 88 32 36 88 62 49 43 31 97 44 22 66 68 65 16 26 23 55 67 63 25 71 38 58 33 55 21 84 96 30 60 77 98 44 14 80 41 69 40 21 85 79 34 28 16 23 33 79 
73 68 12 80 12 46 38 91 51 62 61 26 39 16 85 52 40 93 90 85 80 78 43 18 21 15 21 14 68 61 29 31 66 16 64 91 90 68 53 68 75 94 87 30 89 35 72 43 90 70 
21 59 60 99 23 72 82 50 90 58 37 69 95 99 24 99 71 98 62 73 99 56 55 64 29 57 46 32 28 21 46 47 57 70 62 97 60 37 35 53 62 64 87 77 73 39 27 68 62 63 
70 60 63 85 53 99 52 57 55 91 42 11 43 51 50 79 94 69 71 11 43 54 78 67 53 61 12 82 86 27 68 94 96 28 60 34 71 20 15 65 85 15 92 57 85 67 90 92 68 56 
14 38 68 31 75 67 77 76 75 29 94 81 61 34 21 45 34 11 41 28 53 11 25 87 10 67 87 74 27 61 37 18 80 48 64 12 96 99 73 16 84 99 70 92 58 67 37 80 41 60 
81 78 34 18 68 32 13 31 53 28 20 71 30 58 35 91 97 97 23 38 52 63 85 93 76 64 10 66 33 42 28 63 89 10 62 71 46 76 34 41 73 73 49 41 45 76 53 57 27 65 
91 98 96 19 21 33 52 41 82 35 17 24 97 78 91 27 97 53 17 71 86 30 96 80 29 44 78 12 58 29 16 57 27 22 21 76 57 18 87 68 21 64 57 13 98 53 87 75 32 80 
57 59 98 97 50 83 16 74 74 45 10 68 53 57 77 82 66 46 12 75 62 43 43 11 22 18 12 75 33 94 77 59 88 62 94 70 11 71 11 92 39 93 52 55 84 78 33 26 70 77 
60 28 18 20 69 97 58 62 13 32 53 39 17 10 32 19 82 50 51 42 58 89 26 65 74 37 78 44 28 43 77 97 36 53 23 26 55 91 25 65 38 89 95 63 85 65 94 23 67 48 
26 69 30 87 40 72 20 18 11 68 43 30 17 12 89 71 41 69 18 83 36 18 75 57 11 91 48 67 70 12 69 28 36 18 29 61 88 31 13 50 28 23 22 52 56 95 81 44 69 40 
76 66 15 24 17 48 69 26 99 14 79 72 41 37 43 42 82 59 31 18 86 60 52 22 41 62 43 14 78 31 26 99 34 98 69 90 65 33 99 31 35 32 47 32 31 72 85 37 60 58 
91 26 70 83 53 44 82 59 49 25 31 28 15 56 66 60 98 44 39 80 97 30 66 29 80 34 66 30 75 95 35 87 75 28 86 18 94 86 56 46 75 27 36 51 11 67 53 58 52 72 
17 51 48 72 74 39 58 66 41 87 88 84 91 73 59 26 90 83 74 99 38 36 31 94 70 72 82 60 80 89 95 42 19 56 25 89 24 37 17 39 26 95 28 63 90 24 83 57 62 78 
14 61 85 23 39 80 71 93 72 60 18 76 84 84 58 98 80 22 46 43 74 49 63 48 90 97 40 94 82 53 79 15 90 89 40 84 91 62 25 65 92 25 62 11 48 12 42 97 71 98 
80 79 36 93 63 65 24 22 43 51 56 38 29 63 91 10 78 94 74 98 86 77 71 40 27 84 10 41 41 18 73 13 79 65 91 83 19 76 27 40 22 50 40 60 66 41 14 75 53 70 
25 52 21 10 22 52 73 92 21 83 48 15 68 78 44 75 74 56 49 17 13 79 12 19 35 16 57 37 53 51 47 39 41 92 47 36 55 43 41 46 79 43 25 11 96 34 94 63 13 13 
83 22 46 30 77 50 69 20 39 99 92 57 22 54 84 18 26 89 72 15 77 49 34 75 93 16 88 59 62 63 19 57 61 36 39 74 14 69 97 95 48 42 66 62 99 85 21 86 48 88 
92 92 93 79 77 76 95 61 24 76 99 39 82 34 57 53 75 25 60 24 69 80 94 37 48 39 81 10 90 47 35 10 84 19 89 67 38 64 51 17 22 49 45 27 74 83 89 45 57 40 
65 83 67 19 24 42 47 74 34 79 51 29 43 87 52 38 90 73 30 21 61 49 58 54 78 49 52 22 22 26 11 71 36 41 71 75 63 19 59 77 43 25 51 60 49 23 76 14 29 38 
94 65 93 79 26 29 61 84 55 36 25 58 81 25 31 31 95 62 69 12 84 83 78 58 11 37 74 60 69 19 82 21 43 88 76 90 75 46 56 90 83 45 37 86 21 73 83 90 56 98 
57 89 10 68 48 20 32 25 42 99 46 58 70 80 34 30 41 81 96 96 79 45 20 11 11 66 71 47 67 97 44 55 71 47 99 10 46 19 45 93 62 57 86 89 49 94 28 21 32 20 
60 84 78 51 58 48 75 23 45 56 32 28 41 19 94 39 21 60 90 87 65 74 69 24 40 94 35 70 13 55 75 93 39 81 73 46 30 79 53 48 70 25 18 70 12 64 75 38 11 34 
50 36 48 95 72 10 72 32 41 11 67 38 92 52 50 90 49 64 16 79 33 51 70 30 31 16 44 30 18 88 74 59 38 35 27 63 98 44 22 71 93 38 64 20 34 81 28 24 90 88 
85 49 75 66 65 50 44 69 91 88 44 29 36 69 70 33 36 25 93 13 66 45 93 75 97 21 37 80 37 48 76 58 37 63 64 61 20 67 52 33 43 28 27 90 92 12 40 48 85 26 
89 84 76 60 14 89 39 76 55 87 23 16 14 58 28 18 68 99 81 43 78 34 43 24 86 22 49 16 77 85 88 11 67 82 13 68 57 91 33 17 97 32 50 54 20 52 24 27 22 40 
42 10 72 16 75 21 87 17 10 71 39 22 35 74 19 70 81 95 43 93 90 23 43 96 16 57 57 85 62 65 78 74 71 97 12 33 70 17 27 44 72 62 25 39 92 67 34 89 31 49 
79 42 38 53 15 59 45 66 19 44 28 97 58 42 96 82 16 22 40 65 17 30 61 73 36 36 91 23 55 45 66 70 29 87 51 36 62 55 32 90 51 54 45 26 19 51 72 12 68 80 
26 46 10 33 45 89 64 77 34 68 30 84 68 35 90 30 77 74 30 21 97 87 38 91 72 76 30 53 20 71 96 31 59 29 14 75 68 17 24 31 84 58 47 14 81 28 86 99 26 42 
81 89 93 38 87 49 20 39 98 85 16 70 55 56 93 32 50 21 64 77 83 75 30 89 61 76 86 61 75 20 52 73 87 57 50 72 60 96 48 60 97 71 26 59 11 43 28 85 44 94 
52 99 37 89 61 30 59 26 14 98 54 19 37 70 16 74 46 13 76 43 58 86 13 10 43 90 61 55 97 58 85 47 52 71 34 67 26 94 68 98 89 61 70 80 48 26 27 71 18 27 
93 56 63 21 24 82 66 47 67 72 70 13 18 75 30 93 66 27 15 55 55 88 69 16 49 39 46 46 67 26 76 14 43 44 21 76 60 58 77 25 35 96 96 22 71 82 87 47 61 37 
86 49 24 27 29 74 18 14 26 58 10 99 35 80 83 83 56 78 64 20 37 81 98 76 57 48 19 93 29 68 33 97 85 21 45 46 38 56 53 99 17 86 15 93 14 80 69 12 59 61 
89 71 50 74 84 80 21 23 47 16 79 10 57 91 72 45 47 22 28 30 78 72 91 32 80 89 49 77 75 60 36 26 78 66 83 36 67 73 29 40 14 77 87 38 43 48 61 20 60 45 
10 26 39 64 54 19 68 87 59 49 53 55 50 79 83 29 65 37 37 20 16 59 60 69 75 90 61 27 82 77 89 37 81 36 38 45 42 24 19 89 67 42 48 43 65 18 77 25 13 31 
34 23 59 87 99 59 47 83 72 34 98 96 87 16 32 12 90 97 51 85 75 29 97 69 70 86 49 95 30 56 67 97 90 11 35 61 55 70 42 89 14 51 50 67 56 12 15 56 40 34 
73 84 32 34 45 43 45 94 15 33 68 78 59 20 66 28 75 57 27 68 28 49 57 98 27 23 58 45 22 92 73 65 18 51 62 29 66 64 34 13 96 47 72 53 50 67 53 47 66 13 
95 15 17 72 46 74 22 73 69 65 64 19 27 68 45 10 14 18 91 67 66 52 52 75 17 68 18 36 59 14 89 28 26 83 70 12 20 74 15 56 94 41 16 90 69 47 46 96 98 38 
18 79 24 48 87 71 56 42 57 82 42 95 84 47 11 53 23 54 13 45 59 59 66 72 18 31 77 79 28 67 66 86 77 50 47 94 78 11 76 65 89 44 78 11 49 58 88 57 44 53 
66 16 63 59 35 71 82 24 30 10 22 88 27 40 96 86 93 94 90 87 78 58 14 65 13 22 14 55 69 29 82 56 79 16 13 79 31 30 90 23 83 76 42 75 78 95 30 43 87 25 
36 97 77 86 54 30 69 43 24 99 79 18 34 77 97 26 11 66 16 56 96 71 64 31 53 33 45 77 58 31 67 21 38 63 24 55 31 63 77 18 81 72 77 74 24 29 31 24 39 74 
16 11 79 16 24 71 45 39 14 38 66 59 18 75 17 23 55 88 55 67 80 44 74 34 10 41 91 24 87 32 17 85 10 92 70 91 89 68 71 17 12 80 83 89 96 94 34 97 22 25 
56 34 33 67 44 94 88 48 20 16 20 70 76 79 73 15 23 73 17 67 51 88 46 13 86 73 25 62 75 77 79 88 60 24 50 58 78 72 97 77 99 45 21 40 70 11 75 21 15 26 
17 95 80 44 79 63 86 29 93 41 40 43 18 66 69 72 34 29 11 91 32 81 64 81 35 27 17 98 85 62 96 97 31 23 46 69 50 28 36 21 22 14 89 11 88 53 23 79 24 42 
66 61 85 58 43 72 67 50 16 92 10 45 45 96 22 46 96 16 61 71 39 61 81 46 90 74 69 65 41 99 78 27 90 44 79 25 15 66 60 36 64 37 31 76 19 26 23 50 81 44 
63 95 48 81 10 89 12 50 75 15 19 80 87 14 21 30 19 55 34 54 18 42 42 31 60 93 54 39 80 17 96 78 51 74 12 33 97 85 91 46 34 70 43 96 21 28 42 32 30 14