36 47 87 56 13 68 28 32 53 18 71 39 78 47 97 47 84 73 97 23 45 17 94 97 13 85 17 33 69 12 72 50 55 57 78 40 72 95 83 72 55 92 84 62 72 42 92 50 58 68 
89 70 36 16 42 15 29 65 62 38 97 64 95 84 37 54 34 72 48 10 11 56 39 60 76 17 84 20 68 79 15 33 96 98 52 75 73 96 36 98 15 98 36 43 41 71 16 24 45 38 
89 98 79 30 97 45 68 74 37 68 82 28 56 63 65 74 41 51 16 54 79 21 12 27 78 28 61 13 11 33 38 64 56 27 71 47 18 51 10 74 48 46 81 97 17 33 77 78 86 86 
84 84 12 47 73 35 37 14 40 32 65 32 72 96 99 31 42 60 23 77 76 64 48 42 86 34 15 95 74 70 22 75 80 10 66 32 97 50 95 62 36 99 20 49 34 83 25 54 80 23 
66 11 89 68 37 96 61 51 56 70 40 59 88 32 12 74 21 10 73 23 79 18 57 94 15 80 34 89 93 32 16 71 38 33 72 68 19 54 77 54 29 20 23 95 59 71 72 37 44 96 
76 32 52 96 22 95 83 37 56 69 10 79 26 52 66 50 47 34 56 62 28 11 30 70 63 56 97 37 82 29 86 71 47 88 55 95 49 74 11 91 61 15 68 26 14 63 19 11 76 69 
35 11 10 22 11 15 18 85 40 60 27 99 79 26 43 95 23 17 59 40 43 88 97 84 32 89 67 44 74 75 92 34 68 43 82 11 45 58 63 49 70 58 28 63 34 55 46 65 46 85 
19 16 53 45 47 89 66 30 64 50 11 44 26 41 72 82 25 70 58 86 34 80 44 41 53 11 73 74 52 96 78 76 81 38 98 69 88 86 80 21 24 26 90 56 34 88 43 93 74 92 
13 94 92 70 33 80 59 40 40 98 29 77 65 48 51 64 43 53 14 57 33 52 97 51 36 77 71 45 16 28 83 81 48 81 49 53 39 90 79 45 82 80 19 12 54 81 89 38 68 20 
18 64 10 87 61 11 74 81 29 22 26 97 27 60 85 81 98 59 26 82 21 17 74 25 85 15 34 60 93 93 82 58 78 53 59 55 19 77 80 92 71 26 52 14 97 91 40 66 95 12 
52 74 90 49 63 85 91 24 26 75 69 21 22 32 62 12 10 95 30 74 26 46 89 47 95 55 56 57 41 97 12 95 64 23 33 89 53 96 27 39 94 42 30 73 92 43 61 48 32 38 
34 38 72 14 29 94 39 16 69 29 90 42 32 54 69 96 94 14 21 91 50 26 80 54 50 54 51 66 25 47 95 22 10 38 33 75 54 13 60 31 18 91 16 72 18 17 92 40 33 75 
52 35 35 44 69 90 90 25 47 77 58 87 61 63 39 34 99 51 38 33 69 36 97 12 86 82 31 91 85 98 30 47 61 96 43 58 15 12 29 20 73 32 78 87 46 62 75 78 15 19 
82 96 51 77 24 78 52 97 36 40 73 54 12 85 18 75 93 85 56 51 95 11 53 63 79 92 34 14 75 25 52 93 89 42 13 88 76 94 78 12 36 47 37 15 65 29 19 34 72 11 
59 31 13 83 83 42 13 83 77 75 15 45 58 63 53 48 36 56 44 92 34 50 40 80 85 87 25 54 29 16 96 18 19 34 86 42 76 20 46 84 47 47 28 57 40 27 79 26 45 86 
31 92 60 67 52 97 75 86 22 77 79 43 66 26 42 65 38 71 67 50 91 81 73 77 32 92 56 93 12 50 63 23 31 50 90 32 79 59 76 84 96 60 48 84 62 76 36 67 74 21 
56 45 34 34 35 83 69 33 78 62 80 93 74 85 37 69 97 88 93 32 82 18 47 82 62 48 76 28 78 57 84 11 86 88 85 49 93 92 21 53 75 39 20 18 70 28 53 91 65 31 
91 43 62 14 31 67 59 91 28 63 75 68 60 79 32 52 72 29 16 63 48 57 15 36 71 31 11 83 20 62 39 32 95 27 43 79 53 53 45 71 39 73 18 72 48 11 88 26 56 41 
58 78 55 31 76 50 89 79 80 95 54 78 96 82 15 68 20 42 40 83 60 92 83 28 98 25 41 45 92 77 28 94 57 74 95 51 27 92 29 91 14 53 90 59 55 71 38 38 62 80 
68 99 10 94 36 71 61 26 15 65 24 90 82 56 72 22 14 64 91 84 24 87 43 34 85 75 91 87 25 33 10 66 27 34 29 16 18 24 82 27 85 10 58 55 59 45 73 26 67 41 
80 10 70 50 54 53 74 50 59 88 69 77 21 44 76 36 73 32 77 70 74 20 11 20 29 11 20 51 56 93 54 66 47 73 94 99 55 28 10 80 12 32 32 32 45 60 76 61 60 35 
54 26 30 81 32 85 44 64 36 75 78 49 76 90 19 81 87 93 57 27 44 56 80 82 55 19 52 99 22 50 12 74 66 16 77 58 74 17 62 45 15 74 53 17 76 84 43 65 66 32 
84 59 63 84 61 21 16 55 37 30 86 71 87 63 65 49 39 51 59 79 89 32 91 32 95 39 69 32 22 42 47 83 43 15 81 34 56 90 36 53 59 41 61 17 49 16 87 24 62 53 
96 61 11 45 75 44 89 83 24 85 12 87 72 67 27 93 85 66 13 35 29 86 61 62 79 21 70 42 80 20 11 26 18 56 93 22 83 76 39 25 54 69 86 28 39 80 90 45 67 97 
51 90 59 87 95 59 16 75 99 60 43 87 81 71 46 65 33 42 79 20 45 36 51 56 40 72 25 91 67 99 33 35 78 76 83 97 83 52 30 21 63 66 89 49 95 75 26 81 25 63 
73 47 19 51 47 44 45 63 67 78 38 56 16 71 51 61 62 11 58 79 48 75 48 68 33 81 25 92 43 40 38 27 65 96 26 88 60 24 54 94 64 67 57 25 28 60 16 57 24 22 
33 70 96 70 47 80 56 59 32 23 51 73 72 99 90 81 45 92 48 99 37 37 36 87 78 32 24 24 67 77 40 61 10 91 69 76 47 30 68 20 46 35 28 69 67 76 85 68 80 74 
50 41 40 41 44 37 32 22 34 89 37 94 11 35 68 50 42 97 89 72 55 60 60 40 16 42 16 80 27 77 53 58 55 58 39 26 52 28 90 68 69 35 67 74 51 11 84 10 52 10 
13 35 67 35 67 69 75 23 22 62 41 95 33 21 63 66 62 34 73 43 53 72 72 77 47 99 82 13 74 86 61 43 75 63 75 79 42 74 80 65 27 83 63 46 18 14 44 33 47 24 
57 15 55 31 10 78 66 48 86 11 84 70 74 75 96 44 80 77 39 59 52 68 61 95 52 70 19 83 85 86 64 43 86 79 10 85 84 19 70 39 99 24 86 80 91 31 69 38 39 67 
78 92 37 59 38 67 10 60 89 79 59 32 32 54 76 45 75 27 65 79 66 99 35 34 25 54 65 42 71 41 69 16 79 32 54 77 54 89 65 40 52 70 94 59 57 39 34 43 50 33 
83 86 61 30 81 98 20 93 89 31 26 41 79 17 55 14 17 93 32 62 83 68 32 35 37 17 59 12 63 21 43 81 73 59 34 11 30 96 37 21 23 81 35 80 25 40 94 23 33 43 
15 99 29 81 32 53 57 56 24 17 37 78 68 57 87 11 80 75 97 90 86 83 75 18 85 26 57 96 59 72 97 90 27 34 45 48 68 20 29 89 91 12 40 15 44 66 66 30 66 58 
66 76 24 31 12 13 44 48 59 62 62 64 84 70 59 74 86 10 39 24 71 45 89 10 43 38 46 14 27 90 71 21 13 42 78 38 75 33 20 59 13 66 21 86 66 98 95 44 50 57 
39 52 98 99 92 98 78 99 34 90 96 13 82 23 75 63 26 69 18 51 60 78 46 21 78 62 97 11 30 66 53 71 64 48 20 59 26 10 52 89 31 78 99 88 82 54 65 83 80 59 
82 31 83 61 60 95 37 37 44 90 96 72 82 73 82 91 71 46 83 29 50 54 19 76 93 48 51 45 34 38 79 71 87 28 47 55 95 25 17 58 45 54 67 64 29 70 23 48 63 19 
92 72 92 74 73 46 86 84 74 53 79 44 50 91 15 19 34 28 55 39 55 51 66 72 94 92 59 87 31 99 88 77 34 65 32 67 50 99 33 68 35 11 54 21 87 68 74 48 77 56 
23 66 91 10 31 97 95 57 88 32 91 34 55 47 18 30 21 48 43 41 33 47 76 86 12 21 27 11 27 31 53 66 58 16 72 50 15 13 67 21 81 77 44 63 96 26 74 99 52 61 
93 39 16 13 16 59 98 85 28 28 94 93 96 60 68 82 30 62 53 51 87 49 90 37 60 27 51 21 89 93 68 17 14 21 15 16 57 74 82 12 41 87 32 70 18 92 81 55 19 56 
40 62 38 37 43 82 65 29 55 25 85 17 52 63 92 31 35 77 92 79 75 19 86 29 19 24 91 34 20 73 93 76 11 51 59 24 29 36 41 36 66 13 61 29 15 26 99 78 80 44 
81 75 80 13 55 62 21 31 56 24 11 87 10 71 52 59 60 30 62 33 49 27 49 82 67 95 63 82 80 26 89 44 51 52 96 52 13 16 27 88 71 41 24 35 70 80 55 35 81 78 
13 41 92 99 90 47 53 92 40 34 51 78 98 66 19 33 35 87 75 94 59 48 75 80 67 99 74 57 31 29 48 29 63 95 83 67 86 49 17 50 35 26 12 84 47 89 49 64 42 93 
62 97 48 30 16 55 94 24 35 44 80 90 99 10 52 82 73 62 58 32 14 20 10 94 71 68 41 72 89 84 73 42 34 83 54 96 45 87 98 64 31 10 67 80 13 91 42 19 30 61 
51 54 22 25 20 94 26 46 38 84 40 59 30 65 60 98 40 78 73 37 62 48 27 94 41 15 19 65 59 67 77 92 83 65 93 38 91 60 17 26 30 36 64 78 44 44 85 15 53 41 
41 43 58 61 47 37 46 91 97 32 23 12 23 12 59 88 38 92 35 63 12 30 31 28 91 59 92 96 62 96 57 60 56 54 82 21 80 10 42 58 83 53 24 76 12 53 23 84 61 29 
28 94 27 73 64 89 12 79 23 73 53 36 98 88 68 17 36 77 36 63 40 71 23 59 79 35 22 18 95 85 49 58 13 14 21 46 80 75 73 66 87 64 19 80 90 25 21 31 92 50 
29 42 57 84 23 12 88 58 98 83 83 50 58 27 88 83 37 83 82 25 46 68 27 74 76 49 64 16 82 10 81 18 36 43 14 50 78 63 21 69 86 47 50 80 59 42 62 71 35 22 
75 74 19 37 90 17 78 13 83 33 59 81 99 33 39 91 69 10 11 27 68 29 76 21 49 88 38 30 25 73 78 70 95 72 29 46 83 28 86 33 86 38 62 73 91 18 52 91 14 86 
58 45 10 54 79 72 76 63 39 95 99 88 34 48 80 49 87 37 47 44 39 63 39 90 22 13 17 77 32 80 33 22 17 30 24 24 67 33 31 48 83 78 51 14 91 68 77 81 82 49 
36 81 67 81 10 23 96 63 29 17 59 10 73 65 52 44 33 63 21 67 44 29 32 80 99 57 59 21 67 66 43 46 49 54 52 63 24 37 37 46 50 64 69 79 12 20 69 31 43 11 