80 81 40 91 31 74 28 50 34 74 92 94 10 11 29 68 76 62 96 73 95 27 83 64 17 40 62 65 37 85 35 56 32 71 52 86 28 30 68 59 69 67 88 36 36 65 77 48 32 82 
36 74 47 98 96 17 92 12 70 48 66 87 80 51 32 32 89 96 71 80 63 44 17 11 84 25 61 59 89 72 92 87 62 61 34 60 33 20 74 29 86 59 74 29 25 22 42 33 59 15 
95 15 65 98 94 21 72 60 28 60 30 88 36 27 49 18 34 19 86 56 93 33 68 53 38 62 47 63 53 52 52 13 10 37 55 34 95 69 12 49 45 88 46 91 98 72 19 15 30 73 
87 58 88 72 42 99 89 97 51 77 67 58 97 27 99 93 23 75 37 16 66 73 52 84 53 88 24 90 56 23 72 32 35 44 93 62 92 54 66 47 77 58 94 95 81 20 26 62 12 85 
65 96 22 91 24 56 60 42 43 22 52 29 67 26 19 35 25 50 45 97 31 21 18 48 24 22 37 40 37 50 31 86 43 24 57 19 68 77 63 61 71 55 21 80 25 94 90 56 59 52 
29 50 41 17 56 89 79 56 79 48 94 60 62 59 83 67 20 56 95 52 11 90 70 57 18 14 76 72 35 69 62 59 72 38 54 30 59 29 76 41 32 19 38 24 86 42 95 80 64 41 
64 43 23 17 95 93 19 39 23 42 73 95 20 21 55 71 75 68 37 50 66 86 70 35 29 75 43 49 72 85 92 40 80 55 50 71 31 28 29 70 16 80 86 27 83 94 42 61 82 13 
61 26 94 65 82 18 68 67 32 68 16 17 95 99 93 87 69 55 12 99 89 73 80 40 67 63 77 94 36 24 73 47 30 44 22 61 30 11 23 10 15 46 65 96 32 77 31 11 17 63 
64 51 82 62 75 84 77 32 52 47 33 61 34 81 41 27 99 50 15 41 63 43 45 69 28 36 26 90 31 21 10 92 68 91 72 80 84 64 78 83 85 46 10 12 78 63 13 72 34 72 
51 15 25 22 75 43 39 57 15 60 27 10 18 36 61 47 92 13 13 23 83 60 14 26 98 20 81 69 52 70 31 28 87 37 15 34 91 23 86 44 96 95 19 27 46 53 40 78 72 91 
34 58 59 34 56 22 73 76 31 27 94 68 74 79 53 83 71 64 57 12 23 67 69 18 88 10 41 68 55 76 61 53 14 32 69 13 55 70 59 27 75 95 29 42 62 29 30 43 89 81 
36 69 34 12 45 33 82 95 88 46 14 13 43 35 33 78 90 56 79 25 37 13 74 67 62 19 77 35 81 50 63 72 93 14 63 61 95 47 73 70 45 61 15 51 38 48 29 23 33 99 
39 59 24 78 14 96 87 12 22 61 84 32 42 71 27 93 57 74 89 21 27 82 56 50 91 30 92 17 12 23 48 85 45 14 26 66 71 72 58 22 84 17 83 28 83 12 70 51 52 40 
67 26 93 47 82 42 14 78 86 44 41 33 22 82 58 77 72 69 71 72 85 26 59 35 25 86 31 76 12 65 79 71 96 90 85 21 79 82 54 68 33 98 83 49 37 81 11 96 12 46 
33 98 93 36 93 60 97 92 86 26 71 74 62 37 90 96 24 66 48 29 35 48 26 79 81 58 22 72 84 37 72 19 63 58 43 39 72 79 18 32 87 28 97 78 13 80 72 88 93 14 
23 85 98 63 26 83 67 54 13 73 72 77 73 18 60 76 47 16 69 41 28 51 35 94 80 45 71 13 32 77 57 25 14 25 46 40 42 81 89 34 77 41 34 19 47 51 74 82 33 36 
19 10 53 69 55 79 46 18 96 31 40 63 58 85 81 17 93 10 22 55 97 31 87 91 19 70 54 79 31 91 38 46 33 27 34 34 86 54 78 39 82 51 43 48 81 27 44 86 74 83 
94 13 75 42 37 40 78 90 36 19 20 89 56 33 49 48 79 72 70 69 13 42 80 32 97 64 58 65 28 16 53 12 50 57 79 27 55 63 53 28 33 66 78 70 75 60 45 51 97 52 
10 36 94 84 85 44 28 45 38 97 81 78 48 32 34 14 19 96 49 88 99 74 63 73 29 72 42 38 32 99 91 82 17 31 41 46 86 89 30 78 34 71 64 13 21 21 76 27 57 94 
22 18 80 31 14 26 40 52 38 88 22 78 37 86 29 26 12 57 78 89 47 49 51 39 88 58 31 90 93 16 73 52 18 58 12 77 79 43 91 45 40 63 76 90 12 65 60 65 72 64 
47 65 56 68 94 90 11 53 78 58 31 33 11 61 74 89 50 17 46 36 89 59 44 66 24 32 77 15 81 22 73 33 54 53 92 27 58 48 12 82 52 34 35 93 39 63 69 34 36 76 
96 15 12 15 75 49 34 74 21 85 20 33 91 19 96 54 26 68 37 65 83 85 79 16 74 65 49 76 74 53 57 80 91 82 80 41 49 64 34 81 93 86 38 40 85 57 10 18 54 10 
95 78 44 98 68 53 65 71 19 87 23 37 33 40 85 89 40 28 12 54 22 83 36 30 20 49 53 92 12 56 68 74 52 75 51 60 69 21 71 99 67 36 90 99 52 68 10 80 53 61 
24 31 93 17 56 12 82 70 37 21 79 21 98 48 58 41 33 88 82 16 37 68 64 59 25 82 23 57 43 65 46 52 47 53 81 70 89 84 69 94 70 40 17 92 18 30 11 37 55 93 
77 50 43 66 31 34 78 81 62 26 41 47 81 46 54 24 46 62 13 54 70 16 68 85 17 59 10 84 44 74 42 85 46 79 12 66 18 43 70 54 58 81 98 95 82 65 92 79 68 33 
23 79 28 38 98 42 44 22 76 30 11 28 95 79 93 14 71 10 58 39 35 57 43 75 97 63 47 92 23 39 84 97 51 46 49 13 89 93 16 71 65 71 20 92 59 94 69 62 94 75 
20 24 69 16 70 35 25 25 75 19 53 75 18 87 63 13 19 46 34 52 65 97 72 24 96 12 36 99 35 24 26 95 51 20 92 82 42 28 40 68 57 36 40 88 24 35 33 41 92 30 
56 44 94 92 74 82 11 77 85 90 63 82 65 32 12 27 27 54 27 49 57 52 38 55 29 84 61 47 78 42 11 61 51 98 50 78 65 92 98 19 87 90 74 85 75 41 71 12 97 67 
47 88 90 84 95 39 25 94 51 88 36 73 61 90 45 53 83 75 58 55 10 24 67 36 27 21 43 69 24 28 86 43 60 31 48 67 85 94 20 22 43 12 32 73 59 49 43 12 80 84 
24 21 30 86 48 76 21 32 73 98 54 26 20 62 73 84 34 14 26 62 21 55 95 46 72 86 82 83 48 43 28 41 61 19 46 74 18 94 99 55 87 14 20 56 91 92 75 74 82 10 
49 43 22 36 89 53 55 41 25 32 21 26 53 26 79 93 83 92 35 25 12 98 59 15 37 90 99 61 54 39 48 59 83 28 37 31 22 10 96 39 68 36 82 87 76 53 10 92 31 21 
43 40 46 39 30 80 60 16 57 46 42 89 45 60 22 21 27 24 51 58 58 20 23 84 79 27 19 83 63 34 46 85 72 52 28 44 92 32 93 65 17 96 76 99 61 49 11 42 95 24 
29 45 90 82 17 78 20 88 11 70 84 40 65 20 14 69 46 83 93 81 95 20 50 46 81 78 24 20 96 87 37 71 42 62 17 92 92 50 16 38 43 81 38 87 57 50 90 78 95 98 
56 55 65 35 48 83 58 27 51 51 48 19 87 46 15 13 35 67 24 14 12 29 46 57 11 85 24 79 27 58 10 64 47 71 70 19 64 82 30 10 73 41 68 85 94 84 19 16 13 88 
38 64 26 53 62 35 80 56 48 41 11 82 58 36 50 99 11 47 90 40 17 63 96 98 26 26 77 99 45 44 20 50 38 81 42 81 12 30 39 35 43 61 99 54 62 49 89 18 35 54 
40 43 93 41 97 22 71 71 78 47 21 28 94 15 11 49 94 40 86 49 15 79 18 70 23 50 85 87 91 59 12 24 37 47 76 53 55 35 14 37 21 21 61 54 10 26 23 10 89 16 
82 99 13 56 99 16 76 93 62 10 89 92 89 23 21 90 10 27 64 46 90 26 63 20 43 75 64 13 72 74 79 20 77 31 91 45 56 34 34 12 34 23 64 58 22 24 78 27 33 17 
10 18 45 20 80 30 12 31 98 54 79 44 98 31 59 52 17 13 94 76 11 56 30 12 75 19 79 57 69 84 45 59 75 39 71 20 97 60 59 99 42 19 92 52 84 97 62 28 36 86 
96 57 48 23 79 99 84 88 72 15 66 55 84 67 42 51 69 54 68 59 60 81 24 29 72 87 15 32 63 25 62 10 14 14 54 54 29 32 87 34 24 50 17 32 40 67 89 71 36 21 
75 39 68 48 41 17 25 88 10 32 58 10 54 14 52 50 70 59 93 57 29 12 76 79 29 54 94 66 75 72 71 78 59 94 19 66 50 77 79 78 31 34 58 75 65 38 11 71 73 70 
85 18 10 47 35 64 88 10 10 69 59 79 23 98 28 64 45 46 28 72 36 40 99 60 56 64 67 24 85 90 42 44 66 25 93 98 44 25 52 44 44 63 70 60 82 14 44 29 80 82 
65 47 60 23 93 73 89 46 75 76 30 13 11 59 65 24 24 58 65 34 87 82 24 78 57 47 73 94 46 24 18 60 12 30 34 56 23 89 18 28 28 71 52 58 72 13 40 71 41 93 
61 66 31 72 18 28 97 73 80 82 99 85 17 15 90 90 55 79 64 84 26 12 24 22 99 59 26 92 22 75 60 45 98 33 88 44 61 65 20 98 25 77 85 61 44 32 90 20 68 84 
93 55 69 87 93 94 74 66 76 73 31 36 41 69 19 71 96 43 16 12 82 34 78 64 19 77 29 36 81 76 97 52 16 49 48 90 57 99 74 16 47 38 64 31 25 33 95 12 45 34 
51 65 86 75 50 13 14 59 21 78 80 22 43 22 20 24 69 14 34 33 70 27 44 79 80 44 24 47 76 11 73 36 27 20 35 90 25 83 67 52 23 70 14 55 12 53 97 71 20 90 
18 20 73 76 31 32 42 74 41 51 25 16 60 91 50 28 91 65 42 33 51 19 70 30 20 48 43 48 73 90 74 74 70 60 42 53 85 94 20 81 92 80 46 75 59 58 69 92 76 77 
14 82 45 15 40 40 47 94 82 86 50 15 56 92 68 75 43 60 90 35 85 94 45 19 88 43 83 63 77 43 15 72 13 47 61 78 84 37 78 70 28 93 66 61 55 71 50 35 67 98 
62 99 93 21 68 78 10 19 34 94 90 67 70 59 13 20 83 86 62 96 40 34 71 40 62 79 79 83 80 57 48 21 40 28 66 12 26 74 24 33 87 56 38 52 37 33 52 68 55 19 
79 77 24 26 23 61 14 42 74 77 22 94 86 18 51 50 55 34 63 55 67 85 68 74 53 98 30 97 24 13 96 58 24 86 29 36 10 95 50 57 50 15 90 55 76 85 68 17 13 32 
86 53 42 84 63 98 10 45 39 82 39 47 41 62 51 17 45 80 38 83 93 97 14 54 65 58 34 42 52 62 88 64 64 48 94 38 50 61 98 52 60 11 62 21 80 93 81 69 56 16