79 51 63 79 97 42 16 65 89 18 15 86 74 46 36 55 33 36 17 85 41 78 88 51 48 51 78 92 78 56 27 25 79 59 75 56 16 26 91 68 36 87 30 47 24 79 56 46 84 55 
63 50 53 73 34 67 91 41 38 17 22 16 35 33 37 90 81 88 16 41 99 85 88 38 80 50 18 58 77 57 90 86 36 35 44 87 79 40 31 97 11 29 97 86 24 32 12 62 27 25 
18 90 81 55 22 60 13 68 77 95 65 54 54 99 86 83 91 10 49 87 18 44 79 18 45 15 15 98 59 24 82 65 59 43 60 90 89 35 39 66 67 59 21 29 81 69 99 78 67 42 
84 36 18 87 20 14 78 73 13 28 22 58 42 86 72 15 91 19 19 64 96 70 67 12 57 82 27 55 58 92 63 17 10 51 74 38 64 45 27 25 93 93 93 62 62 65 95 75 29 99 
28 98 81 20 18 33 53 88 45 50 76 38 64 45 22 39 46 33 29 57 57 76 59 67 68 35 69 39 79 45 23 49 62 28 38 39 72 74 28 61 34 56 80 63 89 96 26 47 12 12 
27 72 46 39 21 65 89 76 47 35 38 31 43 64 84 43 16 17 74 44 63 88 21 81 89 10 30 40 19 15 52 16 11 86 96 56 68 23 38 56 47 93 17 63 66 45 99 97 70 29 
64 40 52 23 15 68 17 53 57 85 76 94 48 97 39 45 70 74 69 43 59 17 68 99 15 10 51 27 95 22 96 29 49 90 16 80 81 93 49 80 97 93 24 62 64 33 41 36 47 70 
71 75 94 76 42 19 25 43 46 25 61 67 66 56 21 71 75 76 92 39 71 39 96 26 55 70 71 44 40 33 39 85 11 61 71 21 36 52 70 97 36 29 69 94 23 25 49 94 42 30 
45 93 80 50 34 93 47 14 96 86 95 78 96 62 85 33 44 45 25 54 15 44 32 16 59 30 67 56 10 68 24 66 97 40 22 24 23 72 60 41 42 11 34 10 77 61 97 55 49 43 
28 31 57 43 58 89 75 96 63 42 99 59 50 61 71 39 96 14 81 76 96 47 38 70 46 75 77 91 52 13 29 78 79 72 33 42 43 41 91 96 67 32 38 96 60 39 95 19 98 21 
47 49 51 95 72 49 31 33 81 84 60 21 25 33 28 94 43 45 60 91 44 33 49 70 87 32 24 13 88 76 82 77 64 59 25 29 34 92 42 62 18 47 70 19 71 70 52 48 79 18 
94 57 53 76 26 15 12 77 97 80 49 84 63 56 97 35 21 44 51 28 55 96 41 88 53 23 27 54 66 39 96 87 66 86 96 77 48 45 90 97 43 79 88 26 30 75 58 46 29 21 
27 79 22 61 96 17 64 31 46 71 72 85 92 51 45 32 34 24 99 75 21 73 17 95 27 54 89 98 82 83 95 50 59 60 33 29 94 62 58 61 15 40 95 60 76 74 85 40 83 90 
84 99 84 82 38 18 81 84 83 58 98 95 61 93 98 86 22 14 32 97 75 22 80 99 19 56 60 42 80 52 85 68 97 93 21 80 53 22 14 40 82 75 21 90 21 23 43 50 42 44 
56 93 38 97 46 24 24 39 81 95 67 91 60 80 88 74 92 95 37 82 38 50 50 64 59 56 45 95 81 82 36 32 93 46 95 59 83 95 62 24 58 80 82 72 71 10 23 50 51 40 
34 18 89 56 88 33 75 61 34 59 92 54 57 66 54 15 99 72 93 70 42 89 43 69 11 25 57 21 64 11 79 45 91 85 45 46 84 60 79 13 89 13 25 50 74 60 61 43 94 25 
70 34 59 23 19 40 72 69 60 43 37 30 16 14 30 53 69 12 92 56 49 88 83 53 38 69 25 39 50 43 55 37 20 32 46 68 54 92 69 59 55 76 53 23 58 45 17 36 64 80 
68 82 23 83 76 26 47 64 92 40 87 39 72 78 31 20 49 99 75 28 74 49 42 99 24 20 55 39 48 76 45 31 12 42 54 18 89 29 71 31 19 76 41 41 49 53 76 24 93 45 
32 65 56 27 11 85 56 60 46 88 28 14 79 15 73 92 34 65 57 17 97 30 52 23 50 25 51 99 96 82 40 28 22 93 59 23 34 76 38 16 43 25 96 46 23 30 78 40 44 80 
52 45 42 89 15 41 51 48 40 90 80 98 86 44 70 77 22 97 16 53 85 27 62 73 54 63 94 20 70 56 11 86 81 52 88 65 47 47 27 55 11 17 14 30 66 49 91 56 75 48 
88 53 76 84 93 81 66 41 54 90 15 86 41 95 47 76 75 35 11 72 90 14 59 25 44 25 68 34 81 94 23 64 94 13 38 14 92 21 21 16 24 67 12 70 90 39 25 42 72 36 
18 27 27 21 95 21 49 67 33 91 63 99 45 58 19 27 28 42 64 35 53 96 46 88 62 42 58 31 41 99 66 56 44 44 79 80 62 72 76 79 55 67 65 24 39 75 69 11 34 22 
14 66 57 48 51 29 65 61 88 99 68 18 10 39 43 20 38 44 57 30 33 36 32 38 38 77 74 34 38 67 56 26 14 40 68 84 29 89 24 62 30 24 54 45 96 38 52 90 40 52 
22 75 28 22 40 60 84 57 38 98 74 10 73 10 70 49 25 33 45 61 62 46 79 48 10 87 24 13 35 11 57 99 81 22 46 81 33 76 47 99 86 81 80 88 56 52 35 35 60 41 
33 54 24 30 16 26 30 87 27 34 64 91 75 75 75 80 34 25 46 45 92 94 48 64 27 79 79 66 26 77 30 82 29 80 77 28 72 49 32 16 59 47 47 46 43 46 83 33 64 22 
96 69 39 26 78 37 50 59 41 18 75 68 50 76 59 12 18 25 87 47 25 42 23 12 42 36 81 63 99 29 97 91 65 86 55 86 65 28 44 47 66 28 39 87 79 26 43 44 98 98 
32 79 28 99 14 52 67 91 21 18 31 87 83 90 46 91 61 57 92 12 39 66 41 62 62 83 11 52 45 32 20 96 34 28 72 61 93 30 88 34 72 41 15 92 65 57 68 99 65 80 
90 89 32 54 22 84 65 37 96 71 79 34 26 68 43 48 17 65 33 37 26 63 22 65 74 17 48 97 68 86 30 97 35 18 29 78 61 48 14 13 56 97 37 66 41 93 21 82 87 30 
37 73 66 87 21 33 61 97 16 44 19 82 79 79 38 83 79 56 16 85 36 12 91 53 10 71 64 44 91 57 24 99 43 96 76 19 45 79 66 21 92 81 86 21 38 93 20 98 78 23 
91 50 56 68 75 47 84 85 33 83 61 85 96 92 52 70 59 95 37 29 74 70 58 89 70 65 15 26 42 69 25 21 89 50 12 60 92 23 50 56 66 26 33 67 84 82 67 31 90 87 
14 27 20 16 77 12 54 31 13 61 99 98 50 97 67 89 72 50 79 34 44 80 81 92 94 96 99 71 38 99 47 71 45 83 59 33 52 67 17 29 89 88 58 20 99 69 21 31 29 13 
81 39 69 33 92 78 22 71 79 54 19 53 74 17 64 95 18 61 54 40 81 47 40 40 80 33 69 93 33 37 83 70 80 36 60 17 12 46 40 97 21 84 86 82 29 35 11 75 13 11 
94 82 62 13 72 20 31 25 75 13 90 52 32 84 63 47 61 84 60 48 49 16 65 30 90 49 64 27 46 58 68 30 35 96 77 77 25 55 75 53 71 28 44 90 11 78 54 33 38 49 
48 79 61 57 65 74 81 34 18 84 66 59 62 39 32 57 51 69 35 75 95 41 85 68 30 82 81 35 34 56 92 27 21 61 87 50 69 25 88 35 70 51 41 35 11 71 65 44 44 64 
30 47 59 66 78 26 39 45 66 85 52 64 54 70 38 70 29 28 40 14 57 44 26 25 96 83 46 83 38 37 67 32 74 11 85 70 43 16 68 63 93 53 62 56 50 83 16 87 28 34 
11 96 81 67 53 72 33 77 72 22 69 84 51 73 83 87 92 36 55 57 50 26 87 92 44 41 13 66 45 83 94 58 27 76 37 62 45 68 85 86 74 85 60 73 39 12 77 47 80 90 
26 46 81 34 99 78 77 41 44 86 87 22 99 27 57 44 24 41 47 11 75 28 94 58 64 94 81 15 89 33 48 83 98 88 99 79 79 29 81 61 95 77 87 53 74 77 57 45 92 35 
19 37 90 97 73 88 19 68 30 61 42 12 50 81 46 57 14 51 47 34 78 12 37 54 83 96 12 21 48 26 91 74 30 36 82 76 50 35 57 18 15 96 59 73 15 26 68 36 66 57 
88 14 55 45 64 65 73 70 33 85 47 96 70 46 80 60 18 31 18 54 41 48 23 13 67 81 50 55 45 99 40 74 82 84 25 88 74 64 33 76 37 31 50 65 31 14 34 41 27 45 
71 31 18 12 62 38 73 23 92 79 75 58 94 77 24 99 14 49 39 23 83 86 44 58 36 72 30 83 88 90 46 79 58 89 42 67 98 50 77 58 47 50 56 67 39 23 21 11 47 31 
90 15 55 19 45 91 70 26 94 25 71 53 61 50 73 64 94 67 95 45 90 53 53 69 59 34 37 42 83 34 45 22 96 44 24 49 96 78 84 75 30 80 33 29 10 50 53 59 25 67 
67 10 10 77 89 49 64 30 95 60 84 63 33 18 61 74 21 21 24 26 84 74 23 14 68 86 55 64 40 74 22 45 27 35 51 13 54 54 86 84 23 28 89 59 53 77 48 58 81 43 
57 54 44 25 87 72 97 85 97 18 74 51 63 78 82 69 76 48 16 74 99 18 84 65 93 22 35 35 94 62 56 88 11 64 56 24 50 57 90 16 18 72 48 13 72 92 15 15 21 40 
43 95 70 14 30 26 49 61 31 63 49 13 98 32 11 68 73 43 75 97 11 24 63 43 54 20 74 68 82 52 79 96 70 48 23 20 38 38 60 54 73 87 49 61 28 27 58 44 93 95 
11 33 91 69 56 43 19 47 60 53 22 14 48 57 72 40 11 67 69 32 90 17 90 80 12 73 31 23 32 31 34 78 87 43 63 76 33 27 52 51 40 13 71 35 51 86 19 95 72 13 
46 38 46 93 85 56 50 93 60 85 45 60 91 41 88 13 10 17 61 40 92 78 42 84 16 69 55 49 69 84 43 38 99 70 68 74 56 99 13 55 38 18 60 38 67 91 60 65 45 32 
48 97 31 93 70 92 73 64 50 50 11 59 80 81 20 14 19 79 24 52 60 74 29 32 21 79 90 24 95 13 73 87 86 74 18 45 67 48 49 87 79 29 89 65 13 27 41 41 27 25 
19 70 99 27 28 49 30 99 13 56 77 91 10 92 88 58 87 53 99 69 65 46 17 20 26 69 81 26 69 67 79 19 68 39 74 11 75 65 45 19 70 65 84 73 86 97 32 47 73 31 
72 50 16 62 48 16 29 93 16 44 45 42 37 54 63 70 74 47 48 10 75 79 36 14 53 35 51 47 31 74 38 67 35 94 12 73 67 28 97 60 71 20 96 64 35 61 50 53 30 50 
33 51 89 48 69 64 91 20 80 79 53 47 69 85 68 61 53 15 25 55 21 68 35 20 62 97 69 48 19 85 33 89 37 21 31 34 90 47 81 78 71 41 27 61 88 93 72 24 68 28 