48 55 54 16 94 70 21 81 73 47 17 48 67 28 92 69 81 40 67 30 58 32 40 18 24 21 12 57 45 58 
48 68 70 38 57 51 22 57 90 90 97 53 39 43 33 19 89 89 48 54 77 71 11 87 86 86 46 39 75 78 
57 94 21 38 10 86 47 92 70 50 88 27 40 63 54 74 29 86 50 31 15 43 23 23 26 29 25 78 48 21 
68 26 63 57 14 72 54 76 49 18 21 66 26 78 73 85 57 65 58 88 52 22 54 65 74 26 75 89 24 79 
12 35 74 27 60 49 96 84 71 57 91 68 81 61 97 97 18 93 19 46 22 64 36 62 28 95 88 78 21 44 
36 88 27 25 11 96 70 68 89 30 49 51 39 61 25 41 21 18 92 97 44 32 59 88 36 66 51 27 55 53 
22 41 17 20 51 13 30 43 43 75 74 11 14 48 83 86 92 97 79 42 55 48 27 89 46 60 53 47 55 58 
18 27 65 54 40 95 39 67 84 86 78 79 97 55 86 58 58 61 14 17 42 17 41 69 44 72 89 57 41 97 
92 68 53 84 17 38 94 81 27 65 40 72 88 11 65 25 24 82 57 97 89 50 78 39 90 21 23 63 28 53 
77 15 54 16 62 34 39 83 43 91 51 95 77 49 26 35 10 11 80 93 17 35 67 84 29 70 57 46 27 78 
96 81 42 18 22 58 44 46 25 72 65 42 82 27 94 27 24 64 33 69 42 58 42 95 59 52 29 75 34 91 
81 64 46 51 53 20 52 93 41 28 45 60 38 93 38 95 33 33 46 80 89 99 25 72 40 10 74 65 24 34 
72 77 13 40 29 42 52 53 99 87 60 90 82 14 11 26 66 48 83 82 63 34 91 23 48 49 39 44 68 15 
84 67 26 53 33 73 39 37 58 89 34 53 21 80 72 21 27 77 43 82 42 33 72 60 89 80 80 98 36 38 
17 28 52 12 19 36 57 23 51 39 23 56 11 25 78 98 35 33 66 93 33 44 50 69 61 68 36 85 50 72 
39 60 96 53 14 57 13 52 35 47 83 42 98 93 51 47 96 43 76 23 76 94 47 86 90 28 23 37 51 52 
21 43 42 14 54 30 70 22 78 14 98 39 54 92 59 67 64 92 38 73 82 95 43 51 38 59 94 52 54 17 
99 92 97 56 43 19 20 31 69 48 18 43 10 48 52 43 51 76 22 97 22 69 73 54 27 46 43 18 93 97 
94 18 60 75 59 56 26 32 81 55 74 57 96 53 26 34 27 19 33 94 70 22 78 69 47 92 91 74 57 19 
91 72 89 68 69 74 24 42 75 25 47 98 48 38 81 15 15 62 68 44 48 74 95 20 13 44 72 81 76 44 
77 31 23 21 93 85 37 86 19 68 63 24 96 38 90 64 36 54 77 57 86 49 63 23 45 19 15 31 70 67 
98 74 62 89 90 84 48 72 73 15 85 87 14 79 33 40 91 36 44 60 77 25 66 72 57 43 53 78 19 18 
36 16 79 86 99 34 33 91 64 36 91 98 31 88 98 74 48 39 27 31 16 88 33 49 14 13 52 10 66 57 
36 81 37 87 87 10 26 99 29 97 81 92 85 18 49 65 44 29 65 67 73 71 87 97 92 32 60 64 96 59 
92 54 26 38 20 36 32 23 30 45 70 36 32 58 12 25 15 78 22 81 87 28 38 97 79 96 69 65 32 85 
79 46 80 22 95 98 52 65 24 55 79 24 80 57 29 75 21 63 45 83 79 58 93 64 85 68 92 76 45 86 
77 99 87 46 71 43 46 59 95 76 68 89 31 38 18 66 69 97 94 13 64 64 16 81 92 97 23 49 62 63 
93 52 89 85 52 99 10 41 93 78 52 80 87 70 67 84 85 92 17 84 89 38 67 18 78 74 49 70 25 99 
40 25 87 93 74 90 86 42 55 13 38 21 16 77 90 78 70 58 31 74 92 96 79 31 24 41 64 60 42 47 
81 82 53 54 53 53 16 77 44 46 17 41 53 41 64 86 17 21 72 44 29 54 54 66 97 20 39 88 32 56