61 59 25 14 73 15 72 42 95 83 46 64 44 55 46 24 25 71 60 16 41 35 77 51 40 97 11 22 73 50 
18 62 64 53 84 85 11 22 40 99 91 29 83 13 82 18 35 89 30 60 51 11 19 38 32 28 40 53 97 21 
33 32 69 97 85 55 64 59 22 60 27 91 70 56 93 83 28 40 48 94 31 85 20 57 69 44 20 41 57 88 
32 12 23 55 33 29 85 94 17 42 85 14 36 62 41 39 79 80 28 65 40 27 30 85 63 61 27 75 28 12 
76 63 70 82 97 19 55 22 88 42 49 38 47 39 63 84 46 85 75 28 38 40 19 44 47 99 47 42 14 89 
98 48 15 87 16 54 91 71 66 31 66 51 23 96 96 41 98 92 60 65 12 92 26 98 39 57 45 56 21 14 
97 36 48 47 31 96 89 44 91 98 76 51 10 70 76 87 10 69 37 86 18 28 76 84 73 50 19 70 43 48 
84 88 59 44 96 12 96 32 30 17 73 57 44 65 36 48 64 16 50 35 78 55 45 25 42 81 61 36 33 28 
39 41 50 64 66 23 70 36 83 96 10 75 86 43 14 67 73 20 56 90 88 56 67 63 68 31 54 73 57 38 
42 24 80 97 60 78 82 38 89 20 17 49 19 12 15 48 89 58 36 95 18 96 97 11 22 71 68 83 27 74 
55 14 43 94 10 44 16 36 49 85 61 93 97 17 62 19 47 13 59 12 71 36 67 61 35 73 28 36 36 57 
71 26 31 29 32 33 17 77 60 80 19 63 75 12 14 76 79 93 88 41 15 55 37 33 74 51 39 38 93 39 
14 17 62 17 50 38 30 81 62 49 91 43 62 30 62 59 20 71 11 90 41 53 40 85 33 25 28 95 88 21 
93 98 51 74 74 27 26 36 24 45 29 83 57 78 42 81 77 63 88 36 40 16 66 97 69 43 51 57 87 85 
78 77 71 28 50 80 98 33 93 70 16 89 64 31 44 74 98 78 42 81 19 39 18 34 82 41 70 60 22 78 
66 26 89 50 80 97 79 65 45 70 77 76 81 84 22 57 33 90 43 92 46 79 13 83 33 58 70 63 44 36 
31 84 36 37 60 72 57 54 21 18 72 73 25 66 90 26 73 46 36 24 14 22 46 61 66 64 70 42 92 20 
68 49 56 58 50 12 71 44 24 97 36 37 39 74 93 10 62 29 24 42 95 26 75 23 44 78 24 74 77 72 
43 75 28 65 57 45 47 30 31 99 77 66 64 59 18 83 25 37 33 17 82 86 17 63 54 23 96 61 15 40 
77 67 38 49 69 99 72 59 80 30 87 28 83 27 36 13 14 10 50 47 59 32 85 13 51 61 19 77 71 43 
48 79 83 48 13 35 12 72 78 24 18 22 72 68 72 58 84 25 25 81 67 45 37 35 28 46 71 58 94 20 
62 21 11 25 38 49 72 98 22 74 29 48 29 45 77 57 98 54 60 69 65 64 76 42 97 54 69 97 65 82 
61 71 91 41 20 21 32 13 81 66 62 74 83 79 90 76 41 73 53 47 79 57 59 62 19 11 47 95 71 38 
99 41 75 86 10 16 96 73 56 20 65 48 33 67 57 55 37 73 98 84 22 51 38 70 50 68 30 61 35 65 
95 67 37 49 73 80 78 98 81 34 34 65 82 44 24 59 52 69 28 79 88 28 98 44 42 72 84 82 48 53 
51 99 28 93 12 36 74 58 92 89 77 53 38 38 24 70 18 35 70 99 73 68 90 10 11 60 23 63 99 16 
94 65 33 12 24 86 66 85 65 31 62 92 37 67 52 49 14 11 27 99 28 91 15 85 26 81 17 30 58 70 
89 38 77 19 24 17 37 41 31 17 17 61 48 11 64 83 45 15 26 66 30 97 27 79 65 33 72 75 49 20 
24 89 49 39 15 17 33 24 91 32 39 73 94 35 67 60 82 20 26 61 43 56 89 22 68 65 73 10 89 32 
75 19 94 21 59 20 97 81 30 78 73 91 10 61 99 65 57 96 84 17 32 92 84 28 38 52 86 28 72 38