25 84 97 49 53 69 82 72 53 63 28 69 47 82 84 69 11 53 36 81 74 62 50 13 83 84 74 57 57 77 
32 47 55 60 96 84 53 15 15 19 40 37 48 15 22 14 17 42 14 37 24 10 53 19 33 48 58 69 22 47 
29 72 23 64 11 20 93 65 55 41 13 57 84 16 59 89 21 71 72 67 98 45 87 29 26 72 13 31 95 93 
94 22 49 11 81 49 82 46 26 11 41 28 61 38 77 52 34 22 34 52 48 61 66 99 32 69 87 53 11 91 
68 18 53 53 47 65 58 19 75 26 65 95 48 20 89 51 76 70 10 19 28 12 60 96 62 99 22 44 22 36 
50 14 58 64 47 36 94 52 40 91 81 11 11 40 81 54 64 69 37 54 90 50 23 84 69 43 62 70 67 53 
23 32 76 18 26 80 29 37 41 43 42 30 76 50 88 17 32 55 29 79 90 67 97 39 13 79 69 65 97 62 
52 83 58 35 22 94 82 16 19 25 26 24 30 89 20 61 62 26 17 85 98 56 58 71 91 47 58 20 62 18 
29 33 98 55 36 33 73 24 68 72 62 40 54 44 31 22 96 26 58 30 41 36 73 69 65 60 39 87 73 38 
61 70 68 85 18 50 19 23 81 72 89 13 76 72 32 15 94 28 23 92 46 23 86 24 95 46 49 26 56 91 
61 12 52 50 41 46 13 72 42 55 47 35 15 22 38 36 51 86 94 52 69 10 47 87 29 61 28 92 40 58 
57 96 57 18 78 23 52 25 87 57 16 89 58 73 50 49 44 11 47 26 34 57 74 36 36 64 59 52 20 10 
66 73 90 74 68 24 80 12 29 54 75 88 88 40 76 77 79 86 91 43 15 52 53 75 92 61 34 80 92 98 
25 54 48 78 14 98 48 86 84 12 78 65 87 14 90 11 27 21 97 71 81 94 87 76 90 55 44 55 35 86 
15 13 88 36 28 84 20 99 85 96 61 44 79 97 84 21 92 90 79 91 28 91 65 60 99 17 44 87 72 93 
78 73 52 32 64 88 47 64 31 65 94 90 10 22 17 66 67 52 91 75 54 84 59 61 74 58 14 32 82 48 
18 44 49 83 88 29 22 76 30 50 26 43 60 26 53 36 70 34 26 93 33 42 44 82 73 24 38 56 46 36 
94 53 42 60 76 18 48 97 76 72 67 41 38 35 77 16 77 39 49 30 63 74 29 23 19 80 76 42 15 43 
99 65 86 60 13 33 12 50 73 57 62 76 80 57 36 31 27 65 74 57 73 32 76 23 40 53 80 58 71 43 
67 52 66 75 70 37 13 32 77 34 85 36 52 75 84 24 98 63 39 18 19 83 23 93 77 13 46 27 59 20 
96 52 84 34 46 53 95 93 22 51 65 63 53 32 81 20 79 63 32 57 79 84 25 63 29 91 52 61 27 47 
65 37 93 32 88 31 93 75 25 77 54 90 24 22 38 47 91 58 78 90 41 14 17 40 79 64 23 31 90 82 
95 20 83 57 55 63 29 68 10 95 17 28 75 99 40 48 52 89 88 73 76 80 66 78 34 97 18 81 83 21 
90 65 99 93 73 59 85 32 43 76 84 41 17 17 29 71 89 29 77 23 69 74 37 68 24 50 76 73 50 56 
41 22 87 20 59 57 28 62 68 99 44 45 25 18 94 16 67 49 52 91 32 79 79 80 43 80 44 54 96 26 
22 43 38 76 61 31 23 28 46 45 26 49 97 20 57 14 94 40 27 30 99 83 41 79 64 48 11 79 66 79 
38 55 64 17 70 35 95 53 48 77 38 10 23 75 42 24 31 41 45 85 95 75 92 32 84 62 91 68 36 24 
77 87 52 95 60 19 11 62 85 79 22 32 29 95 24 90 58 39 95 35 94 35 23 15 45 83 71 72 35 50 
89 36 18 85 65 96 53 85 33 37 35 76 87 63 66 90 47 47 66 92 69 24 30 34 20 78 77 28 29 84 
22 18 22 13 38 33 51 88 53 94 10 93 28 64 30 61 81 48 34 33 61 77 32 91 40 68 62 14 40 46