17 45 91 97 22 73 96 89 49 21 44 98 23 54 51 40 76 24 31 11 63 71 31 76 34 28 72 26 26 13 
98 31 41 88 69 88 20 54 32 91 42 34 17 26 60 81 86 20 78 40 34 60 41 34 26 16 94 91 79 66 
69 70 60 13 80 46 23 70 76 75 25 56 29 10 68 34 76 86 83 20 98 16 24 76 87 39 65 79 75 46 
57 27 30 49 98 59 51 93 69 90 50 94 87 78 50 80 69 98 45 67 68 63 64 63 90 91 95 87 87 32 
21 46 56 21 44 41 94 55 29 71 15 90 69 65 28 83 40 69 25 28 63 15 89 37 17 96 63 54 38 82 
37 68 10 94 52 71 63 75 97 75 79 77 99 30 36 46 64 33 38 17 15 18 96 28 28 61 33 39 40 11 
43 92 16 24 61 93 34 83 74 58 55 61 13 93 36 67 84 55 87 56 55 99 36 56 86 58 66 30 43 34 
32 80 74 45 23 19 48 99 71 48 83 97 39 58 98 21 63 73 74 77 54 96 90 20 34 22 82 41 82 26 
23 32 35 61 97 54 60 20 84 31 96 23 58 38 96 65 61 15 87 41 62 45 72 36 39 73 36 77 12 89 
91 49 55 27 78 99 38 26 16 34 72 49 84 68 71 17 76 78 84 32 21 65 17 20 77 81 58 57 84 31 
16 70 89 46 38 47 64 50 92 24 51 57 65 48 69 69 19 90 44 33 15 22 26 12 17 59 85 33 61 36 
14 22 95 12 24 93 18 60 87 78 86 38 88 52 51 65 18 96 38 54 89 14 38 83 93 72 88 49 78 22 
74 73 82 59 64 51 96 89 83 31 15 24 21 32 76 95 93 83 40 19 24 16 60 19 68 11 72 10 58 53 
33 37 56 75 79 68 26 27 84 90 95 78 22 42 86 84 42 33 49 89 68 50 20 70 99 19 37 31 99 79 
97 63 70 37 29 17 81 45 65 38 33 67 91 29 17 23 10 90 98 50 59 42 78 33 90 55 78 28 21 70 
10 39 89 49 69 35 74 83 28 61 13 54 74 49 38 75 62 53 39 17 44 26 84 48 80 28 72 58 72 79 
48 57 66 91 98 63 65 97 86 26 30 39 83 52 92 25 29 37 31 87 86 44 71 92 99 32 39 29 22 51 
59 78 11 37 12 42 34 84 67 51 41 11 22 97 11 73 43 89 38 33 51 40 15 41 50 94 98 51 33 52 
48 46 58 32 76 33 50 10 39 36 90 85 15 81 90 34 45 17 44 11 49 98 15 49 76 51 77 10 62 42 
28 95 22 11 77 23 31 11 34 60 10 71 20 76 83 81 90 67 95 25 31 45 76 35 45 89 20 18 24 39 
69 93 49 41 29 92 89 20 97 33 94 22 16 82 56 14 83 50 38 29 50 31 10 20 54 72 61 10 15 33 
88 13 48 47 94 93 49 11 24 50 76 77 98 41 18 92 32 51 50 37 36 92 35 33 46 90 58 70 93 56 
36 23 46 76 89 91 33 74 41 76 60 96 12 50 30 34 11 54 91 95 25 81 49 59 56 23 19 78 26 30 
51 99 31 99 75 32 28 23 21 13 46 46 91 42 67 18 95 12 39 79 46 40 79 88 79 74 32 70 84 97 
57 64 57 92 30 24 91 90 72 70 27 14 73 10 22 20 47 14 42 24 27 84 34 27 99 38 96 82 91 65 
32 60 50 74 62 22 29 11 39 96 32 32 97 77 42 14 70 72 34 33 49 14 46 74 27 61 81 25 29 58 
10 29 16 85 33 83 95 47 80 72 85 76 21 31 56 48 95 37 31 55 29 78 83 98 37 81 22 33 89 30 
68 14 49 50 33 36 77 18 14 65 94 86 57 12 36 11 36 62 76 83 19 66 33 55 53 56 86 65 23 21 
73 10 13 68 70 23 52 72 49 91 12 74 12 32 32 59 18 59 58 29 69 32 67 83 74 53 67 72 67 36 
80 76 26 88 36 82 66 94 45 62 73 24 99 35 26 10 72 19 12 80 40 94 36 53 92 25 47 70 89 28